0	208	River_lin.shp	object_id_	
0	1	266.2887
0	10	2991.993
0	11	5533.976
0	12	7030.83
0	13	3401.822
0	14	3532.264
0	15	3667.291
0	152	9852.537
0	16	3915.154
0	168	9712.29
0	169	8969.298
0	170	8854.183
0	171	8767.509
0	172	8553.61
0	173	8917.194
0	174	8645.974
0	175	8453.091
0	176	8198.208
0	177	7817.986
0	178	7855.388
0	179	7826.723
0	180	7738.968
0	181	7403.56
0	182	7491.981
0	183	7307.536
0	184	6727.796
0	185	6413.904
0	186	6110.355
0	187	4979.428
0	188	4408.622
0	189	4170.818
0	190	4278.132
0	191	4827.591
0	199	3194.553
0	2	1030.239
0	20	9106.956
0	200	3778.146
0	201	4468.324
0	202	3834.521
0	203	4998.18
0	204	6386.699
0	205	3240.854
0	21	9136.735
0	22	8407.369
0	23	8588.16
0	24	8277.412
0	25	8409.115
0	26	8060.649
0	27	8336.587
0	28	8097.251
0	29	8338.397
0	3	1204.258
0	30	8230.423
0	31	8063.278
0	32	7929.024
0	33	7475.142
0	34	7362.095
0	35	7015.044
0	36	6940.806
0	37	6298.154
0	38	6081.081
0	39	8547.807
0	4	1487.77
0	40	8684.933
0	41	8906.856
0	42	8741.998
0	43	9145.405
0	44	8945.02
0	45	9255.349
0	46	9114.312
0	47	9408.597
0	48	8380.869
0	49	7203.923
0	5	1393.178
0	50	6717.569
0	51	9832.873
0	53	9223.747
0	55	9506.115
0	56	9257.943
0	57	8251.525
0	58	7725.766
0	59	6528.631
0	6	1983.091
0	60	6535.318
0	7	2307.937
0	76	9973.41
0	78	9462.643
0	79	8883.997
0	8	2572.432
0	80	8948.512
0	83	9757.819
0	84	9813.652
0	9	2917.439
0	90	9581.244
0	91	7696.993
0	92	7804.299
1	0	266.2887
1	10	2853.551
1	11	5412.668
1	12	6927.442
1	13	3351.026
1	14	3473.341
1	15	3633.241
1	152	9642.188
1	16	3866.783
1	168	9577.079
1	169	8830.571
1	170	8718.94
1	171	8635.159
1	172	8432.213
1	173	8795.639
1	174	8512.266
1	175	8315.968
1	176	8066.528
1	177	7684.175
1	178	7724.743
1	179	7699.285
1	180	7611.109
1	181	7277.467
1	182	7369.596
1	183	7051.732
1	184	6475.496
1	185	6151.16
1	186	5845.406
1	187	4714.834
1	188	4178.5
1	189	3913.458
1	190	4093.797
1	191	4626.307
1	199	2942.187
1	2	909.2084
1	20	9069.337
1	200	3596.203
1	201	4300.974
1	202	3622.464
1	203	4842.154
1	204	6261.283
1	205	3131.267
1	21	9114.61
1	22	8391.228
1	23	8578.726
1	24	8273.424
1	25	8408.032
1	26	8062.828
1	27	8350.699
1	28	8119.452
1	29	8378.243
1	3	1294.686
1	30	8284.36
1	31	8127.141
1	32	7986.887
1	33	7530.793
1	34	7429.08
1	35	7094.975
1	36	7014.902
1	37	6366.961
1	38	6185.748
1	39	8614.365
1	4	1542.783
1	40	8760.297
1	41	8983.705
1	42	8829.086
1	43	9237.45
1	44	9051.062
1	45	9367.704
1	46	9235.288
1	47	9542.111
1	48	8537.193
1	49	7365.036
1	5	1374.267
1	50	6902.207
1	53	9414.998
1	55	9710.31
1	56	9477.955
1	57	8492.726
1	58	7961.99
1	59	6771.129
1	6	1894.221
1	60	6788.434
1	7	2261.209
1	78	9728.931
1	79	9150.247
1	8	2450.716
1	80	9214.318
1	9	2800.48
1	90	9797.404
1	91	7900.847
1	92	7961.168
10	0	2991.993
10	1	2853.551
10	11	2568.601
10	12	4112.324
10	13	1197.956
10	14	1182.999
10	146	9494.398
10	147	9455.162
10	148	8891.176
10	149	9223.705
10	15	1539.869
10	150	8291.658
10	151	7313.993
10	152	7093.772
10	153	7618.659
10	154	7765.483
10	155	8544.724
10	156	9014.928
10	157	9659.806
10	16	1558.554
10	168	6723.888
10	169	5978.652
10	17	8169.892
10	170	5865.709
10	171	5781.608
10	172	5583.621
10	173	5946.695
10	174	5658.774
10	175	5463.281
10	176	5213.019
10	177	4830.665
10	178	4871.396
10	179	4846.979
10	18	7550.192
10	180	4758.641
10	181	4426.041
10	182	4520.92
10	183	7004.583
10	184	6605.387
10	185	5852.859
10	186	5401.445
10	187	4484.335
10	188	5143.46
10	189	2796.44
10	19	7433.324
10	190	1474.834
10	191	2139.189
10	199	2055.625
10	2	1961.779
10	20	6506.177
10	200	1018.851
10	201	1537.768
10	202	1469.419
10	203	2020.727
10	204	3411.052
10	205	457.31
10	21	6642.795
10	22	5974.738
10	23	6203.132
10	24	5945.414
10	25	6097.018
10	26	5787.651
10	27	6157.576
10	28	6000.963
10	29	6399.69
10	3	2352.811
10	30	6438.106
10	31	6383.447
10	32	6193.114
10	33	5742.652
10	34	5758.693
10	35	5582.038
10	36	5447.746
10	37	4803.987
10	38	5033.294
10	39	6872.07
10	4	2095.992
10	40	7097.388
10	41	7325.219
10	42	7281.616
10	43	7722.257
10	44	7694.255
10	45	8065.515
10	46	8037.011
10	47	8476.185
10	48	7810.841
10	49	6785.992
10	5	1809.72
10	50	6691.203
10	51	9380.419
10	52	9937.48
10	53	9130.676
10	55	9616.179
10	56	9668.618
10	57	9163.603
10	58	8552.265
10	59	7579.517
10	6	1100.675
10	60	7863.384
10	7	1145.986
10	8	455.4415
10	9	273.3426
100	101	142.7061
100	120	9666.905
100	193	5028.906
100	194	5743.96
100	195	6581.089
100	196	3467.605
100	94	4134.195
100	95	3373.13
100	96	4018.12
100	97	2979.185
100	98	2665.805
100	99	1313.1
101	100	142.7061
101	120	9529.247
101	193	4907.292
101	194	5607.957
101	195	6453.004
101	196	3353.549
101	94	4039.414
101	95	3290.442
101	96	3920.986
101	97	2903.77
101	98	2585.97
101	99	1227.624
102	103	4984.378
102	104	4921.45
102	105	6471.368
102	106	7017.704
102	107	7871.751
102	108	7978.602
102	109	8994.468
102	110	9916.64
102	114	8561.521
102	115	8824.832
102	197	6059.543
102	198	7125.096
103	102	4984.378
103	104	1389.163
103	105	2090.283
103	106	2738.43
103	107	3246.58
103	108	3314.008
103	109	4357.064
103	110	5319.583
103	111	6905.937
103	112	6742.243
103	113	6626.478
104	102	4921.45
104	103	1389.163
104	105	1554.76
104	106	2103.795
104	107	2962.745
104	108	3076.804
104	109	4076.676
104	110	4995.242
104	111	6597.139
104	112	6483.684
104	113	6575.586
104	198	9226.032
105	102	6471.368
105	103	2090.283
105	104	1554.76
105	106	649.0752
105	107	1409.046
105	108	1526.547
105	109	2523.306
105	110	3451.087
105	111	5056.354
105	112	4935.085
105	113	5026.404
106	102	7017.704
106	103	2738.43
106	104	2103.795
106	105	649.0752
106	107	1015.226
106	108	1155.112
106	109	2026.61
106	110	2907.679
106	111	4501.87
106	112	4400.08
106	113	4579.12
107	102	7871.751
107	103	3246.58
107	104	2962.745
107	105	1409.046
107	106	1015.226
107	108	142.1501
107	109	1132.479
107	110	2086.368
107	111	3688.763
107	112	3549.812
107	113	3619.197
108	102	7978.602
108	103	3314.008
108	104	3076.804
108	105	1526.547
108	106	1155.112
108	107	142.1501
108	109	1046.078
108	110	2007.093
108	111	3603.398
108	112	3456.865
108	113	3499.995
109	102	8994.468
109	103	4357.064
109	104	4076.676
109	105	2523.306
109	106	2026.61
109	107	1132.479
109	108	1046.078
109	110	962.5845
109	111	2557.901
109	112	2417.803
109	113	2559.883
109	122	9940.09
11	0	5533.976
11	1	5412.668
11	10	2568.601
11	12	1574.43
11	13	2418.834
11	134	9249.653
11	135	9407.382
11	136	8872.016
11	137	9166.439
11	138	9619.881
11	139	9477.68
11	14	2253.162
11	140	9774.243
11	142	9787.794
11	143	8902.141
11	144	8048.348
11	145	7628.12
11	146	7065.291
11	147	7003.884
11	148	6451.103
11	149	6742.324
11	15	2382.723
11	150	5759.738
11	151	4939.849
11	152	5322.414
11	153	5756.373
11	154	6060.913
11	155	6828.417
11	156	7543.573
11	157	8230.832
11	158	8955.81
11	159	8911.865
11	16	2070.748
11	160	9129.766
11	161	9059.961
11	162	9234.499
11	163	9245.641
11	164	9296.848
11	165	9320.475
11	166	9421.477
11	167	9475.864
11	168	4194.301
11	169	3466.801
11	17	5608.382
11	170	3339.492
11	171	3244.841
11	172	3020.047
11	173	3383.593
11	174	3127.447
11	175	2947.781
11	176	2675.804
11	177	2304.617
11	178	2331.647
11	179	2296.334
11	18	5122.556
11	180	2209.459
11	181	1871.939
11	182	1958.019
11	183	8156.342
11	184	7930.8
11	185	6960.74
11	186	6469.249
11	187	5893.762
11	188	7134.919
11	189	4085.748
11	19	5147.523
11	190	1895.228
11	191	2079.657
11	199	3914.739
11	2	4509.598
11	20	4298.728
11	200	2180.568
11	201	1485.259
11	202	2660.133
11	203	967.195
11	204	856.9824
11	205	2297.277
11	21	4564.825
11	22	4033.655
11	23	4304.382
11	24	4146.201
11	25	4307.47
11	26	4089.325
11	27	4537.436
11	28	4509.615
11	29	5052.239
11	3	4713.899
11	30	5261.749
11	31	5346.902
11	32	5120.125
11	33	4750.998
11	34	4917.24
11	35	4971.143
11	36	4797.76
11	37	4313.305
11	38	4963.843
11	39	5772.704
11	4	4404.082
11	40	6068.773
11	41	6276.237
11	42	6369.401
11	43	6799.94
11	44	6954.309
11	45	7347.873
11	46	7434.787
11	47	7971.458
11	48	7716.557
11	49	6962.829
11	5	4238.693
11	50	7215.287
11	51	9241.594
11	53	9327.177
11	55	9945.884
11	58	9534.077
11	59	8809.045
11	6	3563.429
11	60	9259.849
11	7	3357.468
11	8	2963.269
11	9	2616.545
110	102	9916.64
110	103	5319.583
110	104	4995.242
110	105	3451.087
110	106	2907.679
110	107	2086.368
110	108	2007.093
110	109	962.5845
110	111	1606.14
110	112	1492.525
110	113	1859.222
110	122	9529.02
111	103	6905.937
111	104	6597.139
111	105	5056.354
111	106	4501.87
111	107	3688.763
111	108	3603.398
111	109	2557.901
111	110	1606.14
111	112	283.4008
111	113	1259.041
111	122	9333.392
112	103	6742.243
112	104	6483.684
112	105	4935.085
112	106	4400.08
112	107	3549.812
112	108	3456.865
112	109	2417.803
112	110	1492.525
112	111	283.4008
112	113	993.9077
112	122	9588.421
113	103	6626.478
113	104	6575.586
113	105	5026.404
113	106	4579.12
113	107	3619.197
113	108	3499.995
113	109	2559.883
113	110	1859.222
113	111	1259.041
113	112	993.9077
114	102	8561.521
114	115	1109.255
114	116	3972.925
114	117	9419.49
114	118	9528.661
114	120	3654.969
114	193	8519.384
114	194	7236.756
114	195	6999.855
114	197	3019.931
114	198	6219.922
115	102	8824.832
115	114	1109.255
115	116	4093.726
115	117	9694.743
115	118	9903.472
115	120	3026.389
115	193	7637.058
115	194	6297.931
115	195	6184.778
115	196	9280.636
115	197	2882.444
115	198	7240.893
115	94	9222.747
115	95	9903.903
115	96	9197.153
116	114	3972.925
116	115	4093.726
116	117	5614.345
116	118	5890.379
116	119	7739.883
116	120	2649.427
116	192	8216.536
116	193	6925.293
116	194	6178.463
116	195	5305.415
116	197	6894.66
116	198	8752.189
116	94	8289.117
116	95	9125.511
116	96	8330.821
116	97	9540.25
116	98	9700.318
117	114	9419.49
117	115	9694.743
117	116	5614.345
117	118	918.4481
117	119	2808.253
117	120	7797.752
117	192	2655.108
117	193	9817.547
117	194	9875.316
117	195	8659.051
117	207	7260.699
118	114	9528.661
118	115	9903.472
118	116	5890.379
118	117	918.4481
118	119	2037.955
118	120	8243.089
118	192	2383.62
118	195	9375.256
118	207	8083.602
119	116	7739.883
119	117	2808.253
119	118	2037.955
119	192	1674.594
119	207	9151.762
12	0	7030.83
12	1	6927.442
12	10	4112.324
12	11	1574.43
12	13	3740.661
12	133	9749.801
12	134	8058.331
12	135	8326.153
12	136	7766.658
12	137	8203.105
12	138	8905.175
12	139	8759.558
12	14	3583.961
12	140	8972.325
12	141	9730.326
12	142	8845.677
12	143	7639.916
12	144	6938.325
12	145	6418.857
12	146	5874.591
12	147	5778.864
12	148	5256.73
12	149	5470.347
12	15	3597.404
12	150	4399.661
12	151	3913.237
12	152	5010.604
12	153	5317.757
12	154	5754.314
12	155	6462.795
12	156	7353.905
12	157	8044.716
12	158	8780.817
12	159	8786.094
12	16	3287.136
12	160	9003.779
12	161	8953.522
12	162	9129.715
12	163	9160.191
12	164	9233.25
12	165	9240.846
12	166	9347.372
12	167	9376.423
12	168	2882.822
12	169	2251.917
12	17	4062.263
12	170	2089.675
12	171	1964.895
12	172	1619.268
12	173	1968.571
12	174	1878.723
12	175	1776.741
12	176	1458.288
12	177	1215.614
12	178	1168.006
12	179	1076.578
12	18	3575.573
12	180	1020.878
12	181	766.9363
12	182	725.1828
12	183	9408.132
12	184	9248.028
12	185	8228.374
12	186	7739.226
12	187	7287.312
12	188	8647.949
12	189	5524.274
12	19	3690.755
12	190	3416.277
12	191	3446.816
12	199	5455.828
12	2	6018.91
12	20	2935.144
12	200	3744.758
12	201	3021.786
12	202	4184.789
12	203	2450.928
12	204	894.3669
12	205	3796.236
12	21	3301.236
12	22	2941.813
12	23	3224.05
12	24	3175.322
12	25	3326.675
12	26	3218.84
12	27	3680.46
12	28	3765.724
12	29	4363.885
12	3	6124.529
12	30	4684.232
12	31	4865.248
12	32	4635.676
12	33	4372.534
12	34	4627.389
12	35	4836.571
12	36	4659.186
12	37	4357.332
12	38	5181.365
12	39	5204.841
12	4	5803.029
12	40	5527.897
12	41	5705.071
12	42	5888.142
12	43	6282.17
12	44	6551.483
12	45	6936.345
12	46	7095.035
12	47	7666.921
12	48	7686.83
12	49	7144.995
12	5	5691.145
12	50	7586.251
12	51	9114.034
12	53	9403.109
12	59	9507.978
12	6	5047.936
12	7	4779.764
12	8	4480.713
12	9	4129.272
120	100	9666.905
120	101	9529.247
120	114	3654.969
120	115	3026.389
120	116	2649.427
120	117	7797.752
120	118	8243.089
120	193	5025.199
120	194	3933.746
120	195	3426.402
120	196	7978.082
120	197	5795.451
120	198	9689.808
120	94	6565.161
120	95	7330.32
120	96	6567.446
120	97	7704.113
120	98	7797.565
120	99	8631.551
121	122	3192.596
121	123	2670.068
121	124	5862.089
121	125	6351.661
121	126	6034.036
121	127	5801.361
121	128	7733.508
121	129	7826.986
121	130	3220.912
121	131	6903.355
121	132	8287.791
121	133	9869.024
121	206	2292.035
122	109	9940.09
122	110	9529.02
122	111	9333.392
122	112	9588.421
122	121	3192.596
122	123	810.9275
122	124	5380.365
122	125	6237.381
122	126	6517.421
122	127	7193.633
122	128	7953.048
122	129	8137.399
122	130	6181.647
122	131	9179.298
122	206	5457.14
123	121	2670.068
123	122	810.9275
123	124	4767.055
123	125	5576.915
123	126	5779.289
123	127	6391.442
123	128	7264.932
123	129	7438.476
123	130	5482.929
123	131	8375.068
123	132	9503.354
123	206	4962.045
124	121	5862.089
124	122	5380.365
124	123	4767.055
124	125	980.1115
124	126	1919.559
124	127	3697.341
124	128	2714.287
124	129	2944.349
124	130	6373.347
124	131	6583.693
124	132	6975.493
124	133	8582.95
124	134	9333.425
124	135	8596.461
124	136	9147.737
124	137	8318.167
124	138	7353.574
124	139	7498.912
124	140	7316.709
124	141	6528.474
124	142	7678.799
124	144	9846.826
124	156	9858.02
124	157	9293.712
124	158	8744.226
124	159	8939.087
124	160	8776.649
124	161	8897.656
124	162	8778.22
124	163	8843.98
124	164	8894.888
124	165	8814.902
124	166	8768.12
124	167	8628.867
124	206	7451.132
125	121	6351.661
125	122	6237.381
125	123	5576.915
125	124	980.1115
125	126	1178.615
125	127	3087.119
125	128	1751.793
125	129	1972.206
125	130	6375.933
125	131	5983.883
125	132	6209.262
125	133	7768.785
125	134	8430.823
125	135	7672.25
125	136	8216.566
125	137	7364.977
125	138	6373.985
125	139	6519.39
125	140	6343.675
125	141	5550.278
125	142	6729.876
125	143	9142.24
125	144	8901.374
125	145	9690.058
125	155	9254.672
125	156	8910.083
125	157	8357.978
125	158	7827.165
125	159	8030.343
125	160	7874.609
125	161	7997.354
125	162	7884.155
125	163	7954.426
125	164	8011.897
125	165	7929.36
125	166	7887.668
125	167	7744.82
125	206	7707.271
126	121	6034.036
126	122	6517.421
126	123	5779.289
126	124	1919.559
126	125	1178.615
126	127	1912.267
126	128	1711.635
126	129	1793.02
126	130	5523.065
126	131	4805.584
126	132	5070.027
126	133	6664.735
126	134	7439.364
126	135	6728.478
126	136	7289.004
126	137	6512.107
126	138	5736.762
126	139	5878.044
126	140	5611.663
126	141	4891.691
126	142	5864.026
126	143	8141.359
126	144	8014.207
126	145	8779.669
126	146	9161.613
126	147	9350.682
126	148	9694.263
126	149	9763.213
126	153	9688.857
126	154	9558.014
126	155	8789.755
126	156	8582.881
126	157	8091.925
126	158	7640.475
126	159	7869.733
126	160	7738.429
126	161	7865
126	162	7773.104
126	163	7856.14
126	164	7932.257
126	165	7843.435
126	166	7817.245
126	167	7666.115
126	206	7078.92
127	121	5801.361
127	122	7193.633
127	123	6391.442
127	124	3697.341
127	125	3087.119
127	126	1912.267
127	128	3038.988
127	129	2951.34
127	130	4293.928
127	131	2902.414
127	132	3379.499
127	133	5056.979
127	134	6124.175
127	135	5558.915
127	136	6137.096
127	137	5572.614
127	138	5321.619
127	139	5442.867
127	140	5007.241
127	141	4516.232
127	142	4933.039
127	143	6784.152
127	144	6932.415
127	145	7623.089
127	146	8075.93
127	147	8237.991
127	148	8656.157
127	149	8633.187
127	150	9805.719
127	151	9863.65
127	152	9824.243
127	153	9263.92
127	154	9255.396
127	155	8533.87
127	156	8577.772
127	157	8210.617
127	158	7910.018
127	159	8170.46
127	160	8083.917
127	161	8210.794
127	162	8156.488
127	163	8255.723
127	164	8357.454
127	165	8262.773
127	166	8261.666
127	167	8104.572
127	206	6212.487
128	121	7733.508
128	122	7953.048
128	123	7264.932
128	124	2714.287
128	125	1751.793
128	126	1711.635
128	127	3038.988
128	129	266.7782
128	130	7118.618
128	131	5614.496
128	132	5395.545
128	133	6760.072
128	134	7127.54
128	135	6300.882
128	136	6810.441
128	137	5874.218
128	138	4710.185
128	139	4856.238
128	140	4749.58
128	141	3914.676
128	142	5268.147
128	143	7845.448
128	144	7430.021
128	145	8240.249
128	146	8537.812
128	147	8747.618
128	148	9007.9
128	149	9165.196
128	151	9801.325
128	152	8984.782
128	153	8501.119
128	154	8291.334
128	155	7510.802
128	156	7159.521
128	157	6613.647
128	158	6099.066
128	159	6310.491
128	160	6162.624
128	161	6287.059
128	162	6181.639
128	163	6257.271
128	164	6322.904
128	165	6237.385
128	166	6202.488
128	167	6055.497
128	206	8768.676
129	121	7826.986
129	122	8137.399
129	123	7438.476
129	124	2944.349
129	125	1972.206
129	126	1793.02
129	127	2951.34
129	128	266.7782
129	130	7100.273
129	131	5446.05
129	132	5175.496
129	133	6517.333
129	134	6864.777
129	135	6035.906
129	136	6544.384
129	137	5607.465
129	138	4453.489
129	139	4599.535
129	140	4485.627
129	141	3653.636
129	142	5001.493
129	143	7582.626
129	144	7163.247
129	145	7973.495
129	146	8271.308
129	147	8480.992
129	148	8742.246
129	149	8898.578
129	150	9989.876
129	151	9542.513
129	152	8751.183
129	153	8262.94
129	154	8062.22
129	155	7282.495
129	156	6954.439
129	157	6419.89
129	158	5921.657
129	159	6138.967
129	160	5996.592
129	161	6121.92
129	162	6021.417
129	163	6100.027
129	164	6170.046
129	165	6083.061
129	166	6051.872
129	167	5902.951
129	206	8797.44
13	0	3401.822
13	1	3351.026
13	10	1197.956
13	11	2418.834
13	12	3740.661
13	14	165.818
13	146	9475.887
13	147	9408.144
13	148	8859.954
13	149	9134.006
13	15	353.7032
13	150	8112.847
13	151	7358.683
13	152	7542.042
13	153	8024.674
13	154	8254.297
13	155	9034.633
13	156	9623.056
13	16	515.9745
13	168	6561.362
13	169	5856.052
13	17	7754.291
13	170	5718.083
13	171	5613.005
13	172	5333.738
13	173	5692.955
13	174	5503.229
13	175	5339.242
13	176	5050.928
13	177	4695.797
13	178	4709.143
13	179	4658.929
13	18	6908
13	180	4576.229
13	181	4237.608
13	182	4298.901
13	183	8200.949
13	184	7803.138
13	185	7045.128
13	186	6589.577
13	187	5682.272
13	188	6271.913
13	189	3977.073
13	19	6674.591
13	190	2272.502
13	191	2937.087
13	199	3251.282
13	2	2464.654
13	20	5720.085
13	200	1975.446
13	201	2113.696
13	202	2554.531
13	203	2337.993
13	204	3253.043
13	205	783.3597
13	21	5782.431
13	22	5072.752
13	23	5276.139
13	24	4988.763
13	25	5131.971
13	26	4801.317
13	27	5135.213
13	28	4946.581
13	29	5301.485
13	3	2394.834
13	30	5305.79
13	31	5229.862
13	32	5047.616
13	33	4592.196
13	34	4588.515
13	35	4393.258
13	36	4262.935
13	37	3614.441
13	38	3839.94
13	39	5721.596
13	4	2069.605
13	40	5934.942
13	41	6163.344
13	42	6104.752
13	43	6543.694
13	44	6502.615
13	45	6871.817
13	46	6839.834
13	47	7278.35
13	48	6630.969
13	49	5630.492
13	5	2013.413
13	50	5597.724
13	51	8202.403
13	52	8788.17
13	53	7993.694
13	54	9006.989
13	55	8505.231
13	56	8611.243
13	57	8230.806
13	58	7608.606
13	59	6723.612
13	6	1488.656
13	60	7086.275
13	61	9382.624
13	62	9874.034
13	7	1093.917
13	8	1192.809
13	9	964.8447
130	121	3220.912
130	122	6181.647
130	123	5482.929
130	124	6373.347
130	125	6375.933
130	126	5523.065
130	127	4293.928
130	128	7118.618
130	129	7100.273
130	131	4108.7
130	132	5641.507
130	133	7045.43
130	134	8694.136
130	135	8510.965
130	136	9035.812
130	137	8886.684
130	138	9213.921
130	139	9310.014
130	140	8768.361
130	141	8502.347
130	142	8345.824
130	143	9156.103
130	144	9858.601
130	206	2179.331
131	121	6903.355
131	122	9179.298
131	123	8375.068
131	124	6583.693
131	125	5983.883
131	126	4805.584
131	127	2902.414
131	128	5614.496
131	129	5446.05
131	130	4108.7
131	132	1562.952
131	133	2974.536
131	134	4585.688
131	135	4438.369
131	136	4944.448
131	137	4909.965
131	138	5609.801
131	139	5673.138
131	140	5072.825
131	141	5071.731
131	142	4444.403
131	143	5065.444
131	144	5761.492
131	145	6225.428
131	146	6770.587
131	147	6866.778
131	148	7389.118
131	149	7196.517
131	150	8338.516
131	151	8871.415
131	152	9576.101
131	153	8996.445
131	154	9181.387
131	155	8595.108
131	156	9009.637
131	157	8853.297
131	158	8789.382
131	159	9068.067
131	160	9049.456
131	161	9165.599
131	162	9166.218
131	163	9278.543
131	164	9405.871
131	165	9311.215
131	166	9343.336
131	167	9191.552
131	168	9766.774
131	17	9441.652
131	206	6280.862
132	121	8287.791
132	123	9503.354
132	124	6975.493
132	125	6209.262
132	126	5070.027
132	127	3379.499
132	128	5395.545
132	129	5175.496
132	130	5641.507
132	131	1562.952
132	133	1696.996
132	134	3093.421
132	135	2878.073
132	136	3394.453
132	137	3361.603
132	138	4234.78
132	139	4278.035
132	140	3663.303
132	141	3824.31
132	142	2934.228
132	143	3642.3
132	144	4217.336
132	145	4724.981
132	146	5256.993
132	147	5367.485
132	148	5873.813
132	149	5715.606
132	150	6875.096
132	151	7326.37
132	152	8027.968
132	153	7449.183
132	154	7653.678
132	155	7092.306
132	156	7575.21
132	157	7475.314
132	158	7483.776
132	159	7762.055
132	160	7766.257
132	161	7876.2
132	162	7895.381
132	163	8009.689
132	164	8143.088
132	165	8050.527
132	166	8093.646
132	167	7947.257
132	168	8262.655
132	169	8886.204
132	17	8075.306
132	170	9042.825
132	171	9165.316
132	172	9532.067
132	173	9212.265
132	174	9256.22
132	175	9387.493
132	176	9695.254
132	18	9807.24
132	206	7819.768
133	12	9749.801
133	121	9869.024
133	124	8582.95
133	125	7768.785
133	126	6664.735
133	127	5056.979
133	128	6760.072
133	129	6517.333
133	130	7045.43
133	131	2974.536
133	132	1696.996
133	134	1763.103
133	135	2039.739
133	136	2346.019
133	137	2847.032
133	138	4320.655
133	139	4306.396
133	140	3726.462
133	141	4236.921
133	142	2751
133	143	2115.751
133	144	3062.298
133	145	3356.272
133	146	3920.747
133	147	3983.777
133	148	4533.264
133	149	4279.803
133	150	5395.022
133	151	6097.092
133	152	7244.34
133	153	6686.287
133	154	7010.835
133	155	6585.65
133	156	7292.12
133	157	7349.381
133	158	7523.976
133	159	7791.328
133	160	7842.742
133	161	7936.215
133	162	7992.227
133	163	8106.617
133	164	8247.599
133	165	8162.143
133	166	8225.089
133	167	8093.846
133	168	6867.04
133	169	7540.378
133	17	6468.453
133	170	7685.777
133	171	7799.445
133	172	8133.527
133	173	7796.687
133	174	7901.163
133	175	8054.426
133	176	8350.136
133	177	8696.624
133	178	8688.229
133	179	8745.976
133	18	8176.76
133	180	8825.437
133	181	9161.359
133	182	9113.097
133	19	9020.216
133	20	9585.388
133	206	9195.308
134	11	9249.653
134	12	8058.331
134	124	9333.425
134	125	8430.823
134	126	7439.364
134	127	6124.175
134	128	7127.54
134	129	6864.777
134	130	8694.136
134	131	4585.688
134	132	3093.421
134	133	1763.103
134	135	909.606
134	136	754.8216
134	137	1726.07
134	138	3491.994
134	139	3422.031
134	140	2987.168
134	141	3757.749
134	142	2049.267
134	143	717.9446
134	144	1312.638
134	145	1639.739
134	146	2189.278
134	147	2281.341
134	148	2807.534
134	149	2622.216
134	150	3783.742
134	151	4341.324
134	152	5560.741
134	153	5019.353
134	154	5398.864
134	155	5065.949
134	156	5906.42
134	157	6083.242
134	158	6389.58
134	159	6637.1
134	160	6727.114
134	161	6802.892
134	162	6888.669
134	163	6998.973
134	164	7141.578
134	165	7065.29
134	166	7143.338
134	167	7030.19
134	168	5181.261
134	169	5826.907
134	17	5064.451
134	170	5978.356
134	171	6097.039
134	172	6451.674
134	173	6126.41
134	174	6193.085
134	175	6335.852
134	176	6637.789
134	177	6974.613
134	178	6971.903
134	179	7034.552
134	18	6820.292
134	180	7111.761
134	181	7444.832
134	182	7403.674
134	19	7687.926
134	191	9936.332
134	20	8149.605
134	203	9636.033
134	204	8409.851
134	21	8627.919
134	22	9076.309
134	23	9209.572
134	24	9476.067
134	25	9518.48
134	26	9726.05
134	27	9995.373
135	11	9407.382
135	12	8326.153
135	124	8596.461
135	125	7672.25
135	126	6728.478
135	127	5558.915
135	128	6300.882
135	129	6035.906
135	130	8510.965
135	131	4438.369
135	132	2878.073
135	133	2039.739
135	134	909.606
135	136	578.2087
135	137	882.358
135	138	2608.453
135	139	2548.812
135	140	2085.018
135	141	2848.288
135	142	1140.612
135	143	1593.373
135	144	1392.253
135	145	2070.515
135	146	2520.207
135	147	2679.091
135	148	3112.635
135	149	3076.62
135	150	4247.376
135	151	4469.37
135	152	5259.823
135	153	4691.282
135	154	4984.943
135	155	4545.915
135	156	5275.068
135	157	5377.958
135	158	5622.235
135	159	5879.347
135	160	5953.541
135	161	6036.907
135	162	6110.961
135	163	6223.327
135	164	6365.848
135	165	6285.672
135	166	6358.251
135	167	6237.96
135	168	5497.174
135	169	6074.348
135	17	5679.672
135	170	6237.228
135	171	6364.936
135	172	6754.23
135	173	6453.294
135	174	6447.432
135	175	6563.786
135	176	6876.762
135	177	7186.282
135	178	7197.694
135	179	7271.086
135	18	7440.007
135	180	7342.296
135	181	7665.276
135	182	7640.877
135	19	8313.48
135	191	9906.067
135	20	8702.242
135	203	9707.884
135	204	8588.932
135	21	9198.625
135	22	9597.396
135	23	9749.789
135	24	9997.701
136	11	8872.016
136	12	7766.658
136	124	9147.737
136	125	8216.566
136	126	7289.004
136	127	6137.096
136	128	6810.441
136	129	6544.384
136	130	9035.812
136	131	4944.448
136	132	3394.453
136	133	2346.019
136	134	754.8216
136	135	578.2087
136	137	1080.528
136	138	2843.46
136	139	2758.649
136	140	2391.195
136	141	3218.096
136	142	1563.012
136	143	1256.023
136	144	828.7424
136	145	1496.468
136	146	1942.951
136	147	2100.958
136	148	2539.029
136	149	2499.649
136	150	3669.511
136	151	3932.313
136	152	4899.546
136	153	4344.679
136	154	4692.878
136	155	4328.909
136	156	5153.203
136	157	5329.536
136	158	5645.452
136	159	5890.437
136	160	5984.307
136	161	6058.008
136	162	6146.887
136	163	6256.484
136	164	6398.98
136	165	6323.902
136	166	6403.588
136	167	6293.015
136	168	4927.649
136	169	5515.867
136	17	5115.03
136	170	5677.019
136	171	5803.405
136	172	6187.916
136	173	5883.545
136	174	5888.291
136	175	6009.648
136	176	6320.957
136	177	6636.248
136	178	6644.82
136	179	6716.221
136	18	6873.982
136	180	6788.666
136	181	7114.014
136	182	7086.294
136	19	7747.789
136	190	9907.358
136	191	9429.457
136	20	8126.973
136	201	9705.903
136	203	9196.608
136	204	8047.658
136	21	8624.826
136	22	9020.009
136	23	9173.367
136	24	9420.284
136	25	9474.927
136	26	9658.678
136	27	9956.061
137	11	9166.439
137	12	8203.105
137	124	8318.167
137	125	7364.977
137	126	6512.107
137	127	5572.614
137	128	5874.218
137	129	5607.465
137	130	8886.684
137	131	4909.965
137	132	3361.603
137	133	2847.032
137	134	1726.07
137	135	882.358
137	136	1080.528
137	138	1772.275
137	139	1696.962
137	140	1312.841
137	141	2155.241
137	142	651.4989
137	143	2328.06
137	144	1556.684
137	145	2373.123
137	146	2672.86
137	147	2877.008
137	148	3183.648
137	149	3294.544
137	150	4411.353
137	151	4291.129
137	152	4667.002
137	153	4087.857
137	154	4305.867
137	155	3794.225
137	156	4446.13
137	157	4514.785
137	158	4742.072
137	159	5000.611
137	160	5072.417
137	161	5156.726
137	162	5229.371
137	163	5341.9
137	164	5484.374
137	165	5403.882
137	166	5476.106
137	167	5355.611
137	168	5470.529
137	169	5965.84
137	17	5967.256
137	170	6136.67
137	171	6270.825
137	172	6687.746
137	173	6416.777
137	174	6338.29
137	175	6426.421
137	176	6744.842
137	177	7022.675
137	178	7047.743
137	179	7130.606
137	18	7706.83
137	180	7194.873
137	181	7503.487
137	182	7495.872
137	19	8578.422
137	191	9489.374
137	20	8877.989
137	201	9856.908
137	203	9384.216
137	204	8376.151
137	21	9391.031
137	22	9729.766
137	23	9902.772
138	11	9619.881
138	12	8905.175
138	124	7353.574
138	125	6373.985
138	126	5736.762
138	127	5321.619
138	128	4710.185
138	129	4453.489
138	130	9213.921
138	131	5609.801
138	132	4234.78
138	133	4320.655
138	134	3491.994
138	135	2608.453
138	136	2843.46
138	137	1772.275
138	139	146.0546
138	140	598.9301
138	141	846.4265
138	142	1579.428
138	143	4097.51
138	144	3130.243
138	145	3938.049
138	146	4080.263
138	147	4308.049
138	148	4450.123
138	149	4711.422
138	150	5698.328
138	151	5094.277
138	152	4525.388
138	153	3980.638
138	154	3934.628
138	155	3215.711
138	156	3419.925
138	157	3247.726
138	158	3266.537
138	159	3542.721
138	160	3565.572
138	161	3668.821
138	162	3705.715
138	163	3820.71
138	164	3958.985
138	165	3869.98
138	166	3925.454
138	167	3788.45
138	168	6438.443
138	169	6776.216
138	17	7342.811
138	170	6952.427
138	171	7091.442
138	172	7537.591
138	173	7326.337
138	174	7130.372
138	175	7165.607
138	176	7480.22
138	177	7690.287
138	178	7739.146
138	179	7835.931
138	18	9018.766
138	180	7885.372
138	181	8156.98
138	182	8180.188
138	19	9873.443
138	191	9558.167
138	203	9661.914
138	204	8906.102
139	11	9477.68
139	12	8759.558
139	124	7498.912
139	125	6519.39
139	126	5878.044
139	127	5442.867
139	128	4856.238
139	129	4599.535
139	130	9310.014
139	131	5673.138
139	132	4278.035
139	133	4306.396
139	134	3422.031
139	135	2548.812
139	136	2758.649
139	137	1696.962
139	138	146.0546
139	140	616.7968
139	141	986.4565
139	142	1556.522
139	143	4014.406
139	144	3017.013
139	145	3820.474
139	146	3951.752
139	147	4180.201
139	148	4314.285
139	149	4581.843
139	150	5561.318
139	151	4948.452
139	152	4395.165
139	153	3847.46
139	154	3812.609
139	155	3101.415
139	156	3342.82
139	157	3197.437
139	158	3248.463
139	159	3522.741
139	160	3554.476
139	161	3654.619
139	162	3698.301
139	163	3813.194
139	164	3952.689
139	165	3865.068
139	166	3924.026
139	167	3790.044
139	168	6293.473
139	169	6630.185
139	17	7208.007
139	170	6806.396
139	171	6945.413
139	172	7391.599
139	173	7180.637
139	174	6984.317
139	175	7019.627
139	176	7334.278
139	177	7544.73
139	178	7593.442
139	179	7690.16
139	18	8880.465
139	180	7739.695
139	181	8011.618
139	182	8034.595
139	19	9734.244
139	191	9426.591
139	20	9902.681
139	201	9927.487
139	203	9523.798
139	204	8762.373
14	0	3532.264
14	1	3473.341
14	10	1182.999
14	11	2253.162
14	12	3583.961
14	13	165.818
14	145	9871.964
14	146	9311.122
14	147	9243.867
14	148	8695.311
14	149	8970.599
14	15	369.9092
14	150	7951.747
14	151	7193.005
14	152	7383.736
14	153	7864.434
14	154	8097.5
14	155	8877.554
14	156	9472.406
14	16	416.1264
14	168	6399.126
14	169	5692.431
14	17	7604.758
14	170	5555.012
14	171	5450.447
14	172	5173.708
14	173	5533.371
14	174	5340.246
14	175	5175.399
14	176	4887.831
14	177	4531.812
14	178	4545.805
14	179	4496.24
14	18	6777.115
14	180	4413.313
14	181	4074.545
14	182	4136.882
14	183	8168.459
14	184	7781.326
14	185	7006.214
14	186	6546.417
14	187	5657.466
14	188	6298.685
14	189	3930.938
14	19	6557.483
14	190	2158.886
14	191	2816.2
14	199	3237.232
14	2	2579.669
14	20	5605.669
14	200	1888.096
14	201	1980.467
14	202	2481.753
14	203	2184.067
14	204	3088.29
14	205	741.5232
14	21	5679.669
14	22	4976.409
14	23	5184.948
14	24	4903.339
14	25	5048.6
14	26	4722.361
14	27	5065.771
14	28	4885.974
14	29	5255.755
14	3	2545.274
14	30	5274.024
14	31	5208.843
14	32	5022.146
14	33	4569.146
14	34	4577.816
14	35	4399.672
14	36	4264.793
14	37	3622.009
14	38	3885.866
14	39	5699.041
14	4	2221.399
14	40	5919.387
14	41	6147.486
14	42	6099.389
14	43	6539.763
14	44	6512.635
14	45	6885.095
14	46	6861.731
14	47	7309.034
14	48	6689.411
14	49	5705.061
14	5	2149.039
14	50	5695.939
14	51	8261.512
14	52	8863.637
14	53	8074.901
14	54	9094.306
14	55	8595.645
14	56	8716.539
14	57	8359.51
14	58	7736.118
14	59	6863.283
14	6	1595.463
14	60	7233.485
14	61	9477.715
14	62	9989.015
14	7	1226.669
14	8	1240.193
14	9	974.6237
140	11	9774.243
140	12	8972.325
140	124	7316.709
140	125	6343.675
140	126	5611.663
140	127	5007.241
140	128	4749.58
140	129	4485.627
140	130	8768.361
140	131	5072.825
140	132	3663.303
140	133	3726.462
140	134	2987.168
140	135	2085.018
140	136	2391.195
140	137	1312.841
140	138	598.9301
140	139	616.7968
140	141	872.9052
140	142	1000.603
140	143	3627.668
140	144	2799.781
140	145	3622.038
140	146	3838.134
140	147	4058.377
140	148	4271.395
140	149	4472.088
140	150	5523.397
140	151	5097.692
140	152	4823.647
140	153	4258.919
140	154	4289.35
140	155	3614.029
140	156	3936.844
140	157	3812.193
140	158	3860.221
140	159	4135.469
140	160	4162.225
140	161	4264.349
140	162	4303.444
140	163	4418.431
140	164	4557
140	165	4468.255
140	166	4524.207
140	167	4387.37
140	168	6395.433
140	169	6793.367
140	17	7137.216
140	170	6968.866
140	171	7107.047
140	172	7545.283
140	173	7310.88
140	174	7156.465
140	175	7210.694
140	176	7528.595
140	177	7763.553
140	178	7804.422
140	179	7896.875
140	18	8847.212
140	180	7951.762
140	181	8237.627
140	182	8250.256
140	19	9711.486
140	191	9832.39
140	20	9939.119
140	203	9872.809
140	204	9032.257
141	12	9730.326
141	124	6528.474
141	125	5550.278
141	126	4891.691
141	127	4516.232
141	128	3914.676
141	129	3653.636
141	130	8502.347
141	131	5071.731
141	132	3824.31
141	133	4236.921
141	134	3757.749
141	135	2848.288
141	136	3218.096
141	137	2155.241
141	138	846.4265
141	139	986.4565
141	140	872.9052
141	142	1709.257
141	143	4428.338
141	144	3669.314
141	145	4492.094
141	146	4710.111
141	147	4930.889
141	148	5135.011
141	149	5344.205
141	150	6387.602
141	151	5892.134
141	152	5363.722
141	153	4823.318
141	154	4757.622
141	155	4022.24
141	156	4110.626
141	157	3839.333
141	158	3719.166
141	159	3997.58
141	160	3978.228
141	161	4093.938
141	162	4097.427
141	163	4210.428
141	164	4339.884
141	165	4245.879
141	166	4282.864
141	167	4133.671
141	168	7215.692
141	169	7582.043
141	17	8007.267
141	170	7758.124
141	171	7896.918
141	172	8340.107
141	173	8118.247
141	174	7940.096
141	175	7982.434
141	176	8298.434
141	177	8516.616
141	178	8563.086
141	179	8658.566
141	18	9712.481
141	180	8709.748
141	181	8985.689
141	182	9005.852
141	204	9745.537
142	11	9787.794
142	12	8845.677
142	124	7678.799
142	125	6729.876
142	126	5864.026
142	127	4933.039
142	128	5268.147
142	129	5001.493
142	130	8345.824
142	131	4444.403
142	132	2934.228
142	133	2751
142	134	2049.267
142	135	1140.612
142	136	1563.012
142	137	651.4989
142	138	1579.428
142	139	1556.522
142	140	1000.603
142	141	1709.257
142	143	2729.14
142	144	2172.963
142	145	2974.118
142	146	3307.472
142	147	3505.701
142	148	3830.253
142	149	3922.219
142	150	5051.415
142	151	4932.556
142	152	5161.192
142	153	4581.201
142	154	4738.174
142	155	4158.642
142	156	4678.441
142	157	4652.513
142	158	4781.123
142	159	5051.243
142	160	5095.938
142	161	5191.701
142	162	5243.728
142	163	5358.315
142	164	5498.893
142	165	5412.777
142	166	5474.699
142	167	5342.936
142	168	6121.673
142	169	6611.954
142	17	6589.336
142	170	6783.322
142	171	6917.903
142	172	7336.562
142	173	7067.279
142	174	6983.964
142	175	7068.968
142	176	7387.671
142	177	7661.013
142	178	7687.966
142	179	7771.977
142	18	8335.406
142	180	7835.271
142	181	8141.528
142	182	8136.28
142	19	9208.104
142	20	9521.326
142	203	9983.239
142	204	9004.4
143	11	8902.141
143	12	7639.916
143	125	9142.24
143	126	8141.359
143	127	6784.152
143	128	7845.448
143	129	7582.626
143	130	9156.103
143	131	5065.444
143	132	3642.3
143	133	2115.751
143	134	717.9446
143	135	1593.373
143	136	1256.023
143	137	2328.06
143	138	4097.51
143	139	4014.406
143	140	3627.668
143	141	4428.338
143	142	2729.14
143	144	1395.978
143	145	1316.455
143	146	1881.026
143	147	1904.416
143	148	2469.888
143	149	2170.683
143	150	3280.006
143	151	4079.474
143	152	5608.322
143	153	5099.86
143	154	5541.703
143	155	5303.32
143	156	6227.932
143	157	6471.497
143	158	6837.155
143	159	7073.003
143	160	7178.995
143	161	7246.282
143	162	7343.984
143	163	7451.433
143	164	7593.323
143	165	7521.65
143	166	7605.221
143	167	7500.534
143	168	4758.397
143	169	5444.596
143	17	4439.568
143	170	5585.666
143	171	5696.302
143	172	6022.078
143	173	5682.997
143	174	5801.025
143	175	5961.347
143	176	6251.89
143	177	6605.1
143	178	6592.179
143	179	6646.482
143	18	6183.626
143	180	6727.297
143	181	7064.702
143	182	7011.863
143	19	7045.359
143	191	9724.354
143	20	7546.033
143	201	9892.965
143	203	9349.07
143	204	8052.19
143	21	8012.607
143	22	8488.201
143	23	8609.969
143	24	8886.504
143	25	8922.029
143	26	9142.365
143	27	9395.424
143	28	9702.506
144	11	8048.348
144	12	6938.325
144	124	9846.826
144	125	8901.374
144	126	8014.207
144	127	6932.415
144	128	7430.021
144	129	7163.247
144	130	9858.601
144	131	5761.492
144	132	4217.336
144	133	3062.298
144	134	1312.638
144	135	1392.253
144	136	828.7424
144	137	1556.684
144	138	3130.243
144	139	3017.013
144	140	2799.781
144	141	3669.314
144	142	2172.963
144	143	1395.978
144	145	822.9573
144	146	1151.215
144	147	1336.819
144	148	1724.824
144	149	1751.386
144	150	2898.362
144	151	3110.125
144	152	4269.003
144	153	3740.541
144	154	4157.931
144	155	3907.837
144	156	4848.984
144	157	5126.288
144	158	5538.455
144	159	5761.806
144	160	5882.257
144	161	5940.948
144	162	6049.643
144	163	6153.612
144	164	6293.998
144	165	6227.299
144	166	6316.016
144	167	6220.978
144	168	4105
144	169	4687.298
144	17	4416.504
144	170	4848.761
144	171	4975.503
144	172	5362.362
144	173	5061.129
144	174	5059.834
144	175	5180.944
144	176	5492.217
144	177	5808.007
144	178	5816.192
144	179	5887.482
144	18	6163.157
144	180	5959.977
144	181	6285.553
144	182	6257.559
144	19	7036.203
144	190	9112.523
144	191	8648.126
144	20	7370.176
144	200	9605.746
144	201	8902.661
144	202	9682.465
144	203	8387.164
144	204	7221.703
144	21	7876.004
144	22	8246.12
144	23	8407.742
144	24	8645.836
144	25	8705.502
144	26	8879.166
144	27	9187.57
144	28	9468.909
144	29	9993.852
145	11	7628.12
145	12	6418.857
145	125	9690.058
145	126	8779.669
145	127	7623.089
145	128	8240.249
145	129	7973.495
145	131	6225.428
145	132	4724.981
145	133	3356.272
145	134	1639.739
145	135	2070.515
145	136	1496.468
145	137	2373.123
145	138	3938.049
145	139	3820.474
145	14	9871.964
145	140	3622.038
145	141	4492.094
145	142	2974.118
145	143	1316.455
145	144	822.9573
145	146	568.4578
145	147	642.5744
145	148	1177.017
145	149	1011.941
145	15	9952.783
145	150	2186.705
145	151	2766.233
145	152	4403.99
145	153	3933.021
145	154	4431.02
145	155	4316.35
145	156	5342.332
145	157	5693.599
145	158	6165.005
145	159	6372.206
145	16	9636.63
145	160	6508.352
145	161	6556.984
145	162	6677.149
145	163	6776.656
145	164	6914.47
145	165	6853.617
145	166	6947.176
145	167	6862.369
145	168	3541.697
145	169	4191.312
145	17	3626.664
145	170	4340.906
145	171	4458.523
145	172	4812.091
145	173	4488.267
145	174	4555.897
145	175	4702.671
145	176	5002.115
145	177	5343.452
145	178	5337.913
145	179	5398.695
145	18	5382.573
145	180	5476.739
145	181	5811.077
145	182	5767.287
145	19	6256.496
145	190	8826.932
145	191	8408.565
145	20	6631.755
145	200	9310.943
145	201	8586.935
