packages/terralib/data/biomassa-manaus.asc
ncols         106
nrows         94
xllcorner     -58.531951830285
yllcorner     -2.5886536076619
cellsize      0.009
NODATA_value  -9999
[rows 58 to 86 of 94, columns 0 to 64 of 106]
28321.9 28321.72 28321.61 28321.57 28321.6 28321.71 0 28322.17 28322.53 28322.98 28323.53 28324.18 28324.93 0 28326.78 28405.45 28406.56 28407.81 28409.2 28410.73 28412.4 28414.22 28416.19 28418.31 28420.6 28423.04 28425.64 28428.41 28431.35 28368.23 28371.54 28375.02 28378.66 26065.93 26068.66 26092.47 26095.63 26098.93 26102.35 26105.89 26109.54 28407.34 19510 19510 0 0 19510 0 28333.11 28243.64 28249.7 28255.85 28262.07 28318.31 28366.74 28373.52 28380.4 28280.79 28287.73 26020.44 26025.54 26030.72 26035.97 26041.31 26046.74
28324.82 28324.69 0 28324.65 0 28324.91 0 28325.51 0 28326.46 28327.09 28327.81 28328.64 28329.59 28330.65 28331.83 28410.95 28412.28 28413.75 28415.35 28417.1 28418.99 28421.04 28423.24 28425.59 28428.11 28430.79 28433.62 28436.63 28439.79 28443.13 28380.19 28383.89 26069.67 26072.46 28395.98 26099.38 26102.73 26106.2 26109.79 28450.17 28455.46 19510 19510 0 0 0 0 28243.99 28250 28256.1 28262.26 28268.51 28324.74 28373.34 28380.13 28387.01 28450.01 28294.54 28301.58 26030.62 26035.78 26041.01 26060.65 25959.09
28327.68 28327.6 28327.59 0 0 0 0 0 28329.27 28329.86 28330.55 28331.35 28332.26 28333.28 28334.41 28335.67 28415.22 28416.63 28418.17 28419.85 28421.67 28423.64 28425.75 28428.03 28430.45 28433.04 28435.78 28438.69 28441.76 28444.99 28448.39 26136.59 26070.6 28392.92 26076.14 28401.27 28405.68 26106.43 26109.95 26113.6 28455.56 19510 0 0 19510 0 0 28244.32 28250.3 28256.35 28262.48 28268.68 28274.94 28281.28 28379.94 28386.74 28393.62 28456.65 28301.34 28323.03 26049.98 26055.09 26060.29 26065.56 26070.93
0 0 0 0 0 28331.11 0 0 0 0 28333.93 0 0 28336.86 28338.07 28339.4 28419.38 28420.85 28422.46 28424.21 28426.1 28428.14 28430.33 28432.67 28435.17 28437.83 28440.64 28443.62 28446.75 28450.05 28453.52 28457.15 28460.95 28464.9 26079.71 26082.74 26085.91 28360.18 28365.21 28370.38 28375.7 28370.75 19510 0 28232.97 28238.75 28244.62 28250.56 28256.59 25946.83 28268.86 28275.09 28281.38 28287.74 28336.49 28393.34 28414.84 28421.79 28485.05 28329.7 28336.77 26060.05 26065.21 26070.45 26075.77
0 0 0 28333.49 28333.74 28334.09 28334.52 0 0 0 0 0 0 0 28341.62 28343.02 28344.54 28424.95 28426.63 28428.45 28430.41 28432.52 0 28437.19 28439.75 28442.47 28445.36 28448.4 28451.61 28454.98 28458.51 28462.21 28466.08 26149.27 26152.18 28411.48 26089.48 28365.54 28370.65 28375.9 28381.29 19510 0 19510 0 28244.84 28250.78 28256.79 25947.08 25951.53 28275.24 28281.51 28287.83 28294.21 28343.14 28414.51 28421.37 28630.07 28637.17 28481.95 28234.21 25958.79 25964 25969.29 25974.66
28335.87 28335.93 0 28336.29 28336.6 28336.99 28337.47 28338.06 28338.73 28339.51 28340.4 28341.39 0 0 0 0 0 28428.93 28430.68 28432.56 28434.59 28436.76 0 28441.56 28444.2 28446.98 28449.94 28453.05 28456.32 28459.76 28463.37 26147.36 26150.03 28475.17 28479.44 28380.25 28289.36 28330.47 28335.55 28381.32 28376.26 19510 0 19510 0 0 0 28263.02 28269.17 25956.26 25960.8 28287.96 28294.31 28300.71 28414.26 28421.06 28628.8 28635.82 28642.91 28487.85 28494.81 25964.08 25969.23 26068.24 26073.61
28338.47 28338.57 28338.75 28339.02 28339.37 28339.81 28340.35 28340.98 28341.71 28342.55 28343.49 0 28345.71 0 0 0 0 0 28434.6 28436.55 28438.64 28440.88 28443.26 28445.8 28448.5 28451.36 28454.38 0 28460.9 28464.41 28468.09 28471.93 28475.94 28384.64 26092.9 25989.32 25992.77 28299.53 28304.67 28309.96 0 0 19510 0 19510 0 28263.08 28269.25 28275.48 25961.02 28288.08 28294.44 28300.84 28371.36 28378.02 28627.63 28634.59 28641.6 28648.67 28655.8 28644.82 0 26068.22 26073.44 26078.73
26053.88 28341.14 28341.36 28341.67 28342.06 28342.55 28343.14 28343.82 28344.6 28345.49 28346.49 28347.59 28348.81 28350.15 28351.62 0 0 0 0 0 28442.56 28444.86 28447.31 28449.91 28452.67 28455.59 28458.68 28461.93 28465.34 28468.92 0 28381.27 26090.37 28389.88 28394.43 28294.69 25996.18 28304.69 28309.93 28315.32 0 0 19510 0 28256.89 28263.03 24429.48 24435.28 25961.15 25965.82 25970.5 28300.99 28371.16 28377.83 28583.52 28633.46 28640.42 28647.42 28798.26 28805.52 28650.71 0 26073.52 26078.65 26083.84
26055.57 26055.19 26054.86 28344.24 28344.68 28345.21 28345.84 28346.57 28347.4 28348.34 28349.38 28350.54 28351.82 28353.21 28354.73 28356.38 28358.15 28360.06 28442.08 0 28446.35 28448.71 28451.22 28453.88 28456.71 28459.69 28462.84 0 28374.37 28378.15 0 26090.86 26093.81 28394.98 25992.41 25995.87 28304.56 28309.74 0 28320.58 19510 19510 19510 28219.94 28226.09 28232.33 28275.41 24442.65 25965.91 25970.68 25975.45 28362.38 28369.03 28582.4 28589.24 28639.36 28789.69 28796.85 28804.03 28811.24 28656.63 0 26322.68 26083.88 26088.96
26002.67 26002.48 26002.35 26002.29 26002.29 26002.37 28266.08 28267.13 28350.1 28351.09 28352.18 28353.39 28354.72 28356.16 28357.73 28359.43 0 28363.23 28445.63 0 28450.01 28452.42 28454.99 28457.72 28460.6 0 0 28375.28 28378.96 28382.8 28386.82 28391.02 28395.39 28399.95 28299.33 28304.28 28309.39 28314.68 28320.13 0 565.9984 19510 19510 28195.76 28231.91 28238.28 28244.71 24410.58 26023.72 26028.7 28414.03 28420.84 28633.22 28640.21 28790.06 28797.21 28795.58 28802.72 28809.87 28817.02 0 26322.19 26327.04 26331.92 26094.11
26003.9 26003.73 26003.63 26003.58 26003.61 26003.71 26003.88 26004.13 26004.46 26004.87 28273.13 28274.67 28276.33 28278.12 28280.02 28282.06 28364.26 28366.28 28449.05 0 28453.54 28456.01 28363.52 28366.41 0 28372.7 28376.09 28379.66 28383.4 28387.31 28391.41 28395.68 28400.14 28404.78 28303.83 28308.88 28314.1 0 0 0 28336.71 28342.76 28262.62 28201.66 28207.88 28244.25 28250.84 24418.01 24519.38 26086.76 26092.01 28632.18 28781.59 28788.85 28796.07 28803.26 28810.41 28817.52 0 28822.89 0 26326.74 26331.49 26336.24 26341.03
26005.08 26004.93 26004.84 26004.82 26004.87 26004.99 26005.19 26005.46 26005.81 26006.25 26006.77 26007.38 28278.56 28280.4 28282.37 28284.46 28286.69 28289.06 565.9984 565.9984 0 28285.68 28288.76 28291.99 0 28376.8 0 28383.88 28387.69 28391.68 28395.84 28400.2 28404.74 28303.23 28308.2 28313.35 28318.69 0 0 0 28341.82 28348.02 0 28246.4 28252.75 28220.42 28257.01 28263.8 24500.45 26183.86 26387.27 28780.16 28787.57 28794.93 28802.23 28809.46 28816.62 28823.71 28830.74 28837.73 0 26436.2 26336.02 26340.63 26345.26
26006.2 26006.06 26005.99 26005.99 26006.06 26006.2 26006.42 26006.72 26007.09 26007.55 26008.1 26008.73 26009.46 26010.28 28284.6 28286.75 28289.04 28196.67 565.9984 565.9984 0 28289.08 28292.22 28295.51 28298.97 0 0 0 0 0 28323.29 28577.2 28581.5 28479.36 28484.15 28489.17 0 565.9984 0 0 28517.57 28496.04 28416.31 28422.74 28429.3 28435.97 28442.72 24695.6 28471.99 26189.06 26391.61 28786.16 28793.72 28801.2 28808.58 28815.85 28823.01 28830.07 28837.04 28843.93 0 26449.94 0 26345.1 26349.55
26007.27 26007.14 26007.09 26007.1 26007.19 26007.35 26007.59 26007.9 26008.3 26008.78 26009.35 26010.01 26010.76 26011.61 28192.06 28194.37 28196.81 28199.4 28202.13 28286.42 0 0 28295.54 28298.9 0 0 0 0 0 0 0 28581 28478.24 28482.88 28487.77 28492.89 0 565.9984 0 0 565.9984 0 28421.37 28428.04 28434.85 28441.77 28448.78 24677.43 28478.29 28776.62 28784.52 28792.34 28800.07 28807.68 28815.15 28822.47 28829.64 28836.66 28843.55 28850.31 0 0 26354.6 26358.83 26353.92
25848.27 25848.19 25848.18 26008.15 26008.25 26008.43 26008.68 26009.02 26009.43 26009.93 26010.52 26011.2 25946.19 25947.12 25948.16 0 0 0 28204.79 28207.72 28209.79 0 0 0 565.9984 0 0 0 0 0 0 28584.6 0 28486.21 28491.18 28496.4 565.9984 0 0 0 565.9984 28419.59 0 28433.28 28440.37 28447.58 28645.71 24908.48 24911.63 28782.52 28790.68 28798.74 28806.68 25072.99 28822.02 28829.4 28836.57 28843.54 28850.32 28856.94 0 26459.82 26464.14 26363.6 26367.57
26078.25 25849.26 25849.26 25849.34 25849.49 25849.71 25850.02 25850.41 25850.88 25851.45 25946 25946.77 25947.62 25948.58 0 0 0 25953.44 0 0 0 0 0 0 0 0 565.9984 565.9984 565.9984 0 0 28587.99 28484.5 28489.31 28494.37 28499.7 28505.3 0 0 0 28502.93 28424.18 28431.22 0 28445.87 28642.83 28650.7 24914.82 24918.32 28758.83 28797.07 25065.91 28813.58 25081.64 28829.24 28836.68 28843.85 28850.75 28857.41 28863.86 28870.12 0 26469.17 26368.52 26372.2
26079.33 26079.18 25850.28 25850.37 25850.52 25850.76 25851.08 25851.48 25851.97 25852.54 25947.33 25948.1 25948.97 0 25951.01 25952.19 25953.47 25954.87 25955.43 0 0 0 0 0 28229.89 28234.03 28238.35 565.9984 565.9984 0 0 0 28407.29 565.9984 565.9984 565.9984 28508.48 0 28493.66 565.9984 0 28428.62 28435.97 28631.31 28639.27 28647.43 28655.72 24921.29 24925.23 24934.11 25040.3 25074.43 28820.86 28829.03 28836.88 28844.39 28851.56 28858.38 28864.89 28871.12 28877.12 26437.92 26441.7 26288.08 26344.25
26080.35 26080.2 26080.11 25851.33 25851.49 25851.74 25852.07 25852.48 25852.97 25853.56 25948.57 25949.35 0 0 25952.3 25953.49 25954.79 25955.23 0 25924.75 25926.72 25928.83 25931.08 0 28181.51 28185.92 28190.5 28195.28 0 0 0 0 0 0 565.9984 565.9984 565.9984 0 0 565.9984 28432.86 0 28626.84 28634.97 28643.37 28651.99 28660.78 28590.53 24876.4 24885.84 28731.91 28740.74 28779.19 28787.57 28795.55 28803.1 28810.21 28816.89 28823.18 28829.11 0 26444.18 26447.62 26450.92 26349.59
26081.31 26081.15 26081.05 25817.09 25817.37 25817.72 25818.17 25818.69 25819.31 0 25915.36 0 25917.28 25918.39 0 25920.93 25921.38 25923 25924.74 25926.6 25928.59 25930.71 25932.96 25935.36 25937.91 28189.4 28194.06 565.9984 0 0 0 0 565.9984 565.9984 565.9984 0 0 0 0 28137.71 28436.38 28710.79 28718.95 28727.47 28736.32 28578.08 28587.48 28596.99 24884.7 24894.87 25002.99 28749.55 28758.48 28796.86 28805.04 28812.67 28819.75 28826.29 28832.34 28837.94 0 26450.81 26453.83 26456.69 26355.09
26082.21 26082.04 26081.94 25818.46 25818.74 25819.1 0 0 0 0 25916.97 25917.89 25918.9 25920.02 0 25921.59 25923.1 25924.72 0 25928.33 25930.33 25932.46 25934.72 25937.13 25939.69 25942.41 28197.46 28202.4 0 0 0 565.9984 0 565.9984 565.9984 0 0 0 28134.78 28142.46 28333.56 28423.71 28432.12 28440.87 28662.27 28672.01 28681.98 24963.35 25003.17 25014.18 25123.49 28847.44 28768.35 28777.21 28815.29 28823.03 28830.07 28836.44 28842.17 28847.36 0 26457.85 0 26462.72 26464.97
26083.05 26082.87 25819.55 25819.75 25820.03 25820.4 0 25821.38 25822 25822.72 25918.49 25919.42 25920.44 25921.56 25921.79 25923.2 25924.71 25926.34 25928.09 25929.96 25931.95 25934.08 25936.35 25938.76 25941.33 25944.05 25946.94 0 0 0 0 565.9984 0 565.9984 0 0 28124.24 0 0 28328.53 28336.79 28427.31 28436.1 28445.29 28666.5 28676.89 28687.56 24970.92 28732.03 28743.08 25134.21 25145.53 28867 28876.43 28885.13 28922.85 28930.13 28936.62 28852.81 28857.49 0 26465.36 26467.28 0 26470.66
26083.83 25820.66 25820.78 25820.98 565.9984 25821.62 25822.07 25822.61 25823.23 25823.95 25919.94 25920.86 25921.89 25922.01 25923.3 25924.71 25926.22 25927.85 25929.59 25931.46 25933.46 25935.59 25937.85 25940.26 25942.82 25945.55 25948.44 0 0 0 0 565.9984 565.9984 0 0 0 0 28135.48 0 28331.17 28339.71 28430.6 28439.78 28449.45 28670.46 28681.6 28693.1 28664.3 28676.27 28688.16 28762.99 28867.16 28877.95 25180.16 28896.98 28905.02 28941.8 28948 28953.3 0 0 26556.06 26557.84 26559.46 26561.03
26084.55 25821.82 25821.94 25822.13 25822.41 25822.78 25823.22 25823.76 25824.38 25825.1 25921.3 25922.22 25922.23 25923.42 25924.72 25926.12 25927.63 25929.25 25930.99 25932.86 25934.84 25936.96 25939.22 25941.63 25944.18 25946.89 25949.77 0 0 0 0 0 0 0 0 28124.39 28131.65 28317.49 28325.21 28333.43 28342.22 28433.48 28443.08 28453.28 28674.07 28686.08 28698.55 28671.25 28684.31 28697.32 28710.05 28815.48 28827.03 28900.68 28910.18 28918.37 28925.24 28960.6 28965.27 0 26562.84 26564.1 26565.05 26565.86 26566.65
25822.88 25822.91 25823.03 25823.22 25823.5 25823.86 25824.3 25824.83 25825.46 25826.17 25826.97 25923.5 25923.56 25924.75 25926.04 25927.43 25928.94 25930.55 25932.28 25934.13 25936.11 25938.22 25940.46 25942.85 25945.39 25948.09 25950.95 0 0 0 0 0 0 0 0 28304.89 28311.79 28319.1 28326.89 28335.24 28344.24 28435.87 28445.89 28456.66 28677.22 28690.24 28664.1 28678.25 28692.63 28707.02 28721.13 28828.19 28840.88 28852.33 28862.26 28870.5 28940.12 28945.17 28978.53 0 0 26572.69 26572.64 26572.49 26572.4
25823.91 25823.94 25824.04 25824.23 25824.51 25824.86 25825.3 25825.83 25826.45 25827.16 25827.96 25923.72 25924.8 25925.98 25927.27 25928.65 25930.14 25931.75 25933.46 25935.3 25937.26 25939.35 25941.58 25943.95 25946.46 25949.13 25951.97 25954.98 25843.13 0 0 0 0 0 28299.66 28306.2 28313.06 28320.32 28328.1 28336.5 28345.65 28437.61 28448.06 28459.46 28679.78 28693.94 28669.63 28685.23 28701.21 28717.29 28733.13 28842.21 28856.41 0 28879.72 28888.18 28894.38 28898.48 0 0 0 26581.86 26580.59 26579.31 26578.2
25769.8 25824.89 25824.99 25825.18 25825.44 25825.79 25826.23 25826.75 25827.36 25828.06 25827.88 25924.88 25925.96 25927.13 25928.4 25929.77 25931.25 25932.84 25934.54 25936.36 25938.3 25940.37 25942.56 25944.9 25947.39 25950.03 25952.84 25955.81 25843.49 565.9984 25825.53 0 0 0 0 0 28314.01 28321.13 28328.77 28337.11 0 0 28449.43 28461.47 0 28658.23 28674.76 28692.08 28709.98 28728.15 28746.18 0 28874.01 28888.29 28900 28908.72 28914.4 28917.32 28918.03 0 0 0 26588.83 26586.24 26583.98
25770.55 25770.54 25770.6 25826.05 25826.31 25826.65 25827.08 25827.59 25828.2 25827.91 25828.76 25925.96 25927.02 25928.18 25929.44 25930.8 25932.26 25933.83 25935.51 25937.3 25939.22 25941.26 25943.43 25945.73 25948.18 25950.78 25953.54 25840.47 25818.69 565.9984 25825.72 25829.55 0 0 0 0 28314.67 28321.51 28328.84 28336.93 0 0 28449.73 28462.47 28682.29 28661.04 28679.31 28698.63 28718.81 28739.52 28760.34 28780.63 0 28910.82 28924.02 28933.1 28937.94 28939.06 28937.39 28933.97 0 0 26535.98 26531.79 26589.61
25771.24 25771.22 25771.27 25771.41 25771.63 25827.44 25827.86 25828.36 25827.96 25828.71 25829.56 25926.96 25928.01 25929.15 25930.39 25931.73 25933.18 25934.72 25936.38 25938.14 25940.03 25942.03 25944.16 25946.43 25948.83 25951.39 25954.1 25815.6 25818.78 0 25825.73 25998.46 26001.32 0 0 0 0 0 28328.26 28335.81 28344.59 28437.06 0 0 28644.11 28662.8 28683.02 28704.64 28727.46 28751.24 28775.56 28799.72 0 28937.68 28953.18 28962.75 28966.17 28964.43 0 0 0 0 26546.8 26540.86 0
25771.86 25771.83 25771.87 25772 25772.21 25772.5 25828.56 25828.05 25828.7 25829.44 25830.27 25927.87 25928.9 25930.03 25931.26 25932.58 25934 25935.52 25937.14 25938.88 25940.73 25942.7 25944.78 25947 25949.35 25951.85 25929.57 25815.57 25818.71 25822.04 25994.22 25996.71 25999.36 26002.17 26005.1 0 0 0 0 0 28341.59 28433.91 0 28460.08 28642.62 28663.19 28685.61 28709.76 28735.57 28762.93 28791.58 28820.86 28944.74 28970.35 28989.7 29000.03 29000.85 28994.33 28983.73 28971.76 0 0 0 0 26431.92
