packages/terralib/data/biomassa-manaus.asc
ncols         106
nrows         94
xllcorner     -58.531951830285
yllcorner     -2.5886536076619
cellsize      0.009
NODATA_value  -9999
[rows 0 to 28 of 94, columns 0 to 64 of 106]
25112.64 25115.2 25115.75 25114.08 25114.54 25109.21 25102.93 26068.71 26060.61 26052.88 26045.75 26040.78 26034.93 26029.74 26025.16 26021.13 26017.6 26014.54 26011.91 26009.69 26007.87 26006.44 26005.41 26117.31 26068.43 26069.21 26070.4 26071.98 26073.97 26076.35 26079.11 26057.92 26061.24 26064.86 26068.76 26072.89 26077.23 26081.74 26086.38 26091.14 26039.91 26044.77 26049.67 26054.58 26059.5 26064.39 26069.26 26074.09 26143.83 26148.56 26153.22 26186.29 26190.78 26195.18 26132.86 26137.19 26141.41 26112.54 26116.56 26120.46 26124.21 26127.8 26131.25 26134.53 26137.65
25154.76 25159.35 25164.7 25162 25155.83 25147.13 25137.06 26101.75 26089.57 26078.14 26067.7 26058.3 28316.43 28309.82 26037.34 26031.48 28294.73 28291 26017.8 26014.36 26011.44 26009.02 26007.09 26005.67 26004.76 25954.6 25954.54 26070.95 26072.6 26074.73 26077.32 26055.98 26059.26 26062.9 26066.85 26071.08 26075.53 26080.18 26084.97 26089.88 26038.62 26043.64 26048.68 26053.73 26058.77 26063.79 26068.77 26073.7 26143.81 26148.62 26153.35 26186.54 26191.1 26195.56 26132.9 26137.26 26141.5 26112.56 26116.61 26120.52 26124.29 26127.92 26131.39 26134.71 26137.88
26191.16 25212.63 25214.88 25210.74 25200.99 25187.55 25172.46 25157.28 25142.93 26102.87 26088.92 28342.01 28331.83 28322.93 28316.81 28309.93 28303.9 28298.63 26023.05 26018.4 26014.38 26010.95 26008.12 26005.89 26004.27 26003.27 25952.84 25952.9 25953.57 25954.85 25956.69 26077.91 26056.78 26060.49 26064.55 26068.92 26073.54 26078.36 26083.34 26088.44 26093.62 26042.4 26047.61 26052.83 26058.02 26063.18 26068.28 26073.32 26099.61 26148.73 26182.13 26186.86 26191.48 26196 26133.02 26137.42 26108.49 26112.69 26116.77 26120.71 26124.51 26128.17 26131.69 26135.05 26138.27
26248.31 25269.43 25273.85 25267.3 25251.65 25230.99 25209.01 25187.94 25168.77 26126.57 28375.25 28360.57 28347.77 28336.59 28326.8 28319.9 28312.23 28305.46 26027.54 26021.7 26016.56 26012.13 26008.38 26005.32 26002.98 26001.36 26000.48 25950 25950.38 25951.48 25953.24 25955.63 25933.96 25937.27 25941.01 26066.38 26071.22 26076.28 26081.5 26086.83 26092.23 26041.06 26046.48 26051.88 26057.24 26062.56 26067.8 26072.97 26099.44 26148.88 26182.42 26187.23 26191.94 26196.53 26133.24 26137.68 26108.7 26112.95 26117.06 26121.04 26124.88 26128.57 26132.13 26135.54 26138.8
26313.64 26341.14 25347.61 25336.26 25309.63 25277.39 25245.9 25217.66 25193.16 26148.52 28395.13 28377.52 28362.26 28348.96 28337.28 28326.97 28317.83 28311.37 28304.05 26024.14 28291.86 26012.44 26007.75 26003.85 26000.75 25998.5 25997.1 25996.57 25946.28 25947.24 25948.98 25951.44 25929.88 25933.4 25937.39 25941.77 25946.46 25951.39 25956.5 26085.05 26090.72 26096.41 26045.29 26050.9 26056.46 26061.95 26067.35 26072.66 26099.32 26104.54 26182.78 26187.69 26192.48 26197.14 26133.56 26104.61 26109.03 26113.32 26117.48 26121.49 26125.38 26129.12 26132.71 26136.17 26139.49
0 0 28728.67 25425.54 25375.82 25324.89 25281.04 25244.82 26196.71 24642.7 24616.06 24593.09 28375 28359.79 28346.42 28334.56 28323.96 28314.46 28307.64 28299.9 28293.01 26011.79 28281.74 28277.43 28274.07 25994.53 25992.61 25991.7 25991.8 25941.99 25943.78 25946.4 25925.03 25928.87 25933.22 25937.98 25943.06 25948.37 25953.84 25959.41 25965.03 25970.67 25976.28 26049.9 26055.68 26061.36 26066.94 26072.4 26099.27 26104.6 26183.21 26188.22 26193.1 26197.85 26133.98 26105 26109.47 26113.82 26118.02 26122.08 26126.01 26129.79 26133.44 26136.95 26140.32
26464.69 26575.96 26656.18 26576.18 26459.57 26371.03 28572.87 28523.91 28485.13 28453.54 28427.24 24604.78 28385.71 28368.92 28354.08 28340.84 28328.92 28318.12 28308.32 28299.43 28293.08 28285.85 28279.54 28274.21 28269.94 25989.28 25986.81 25985.53 25985.44 25986.5 25937.48 25940.38 25944.11 25923.61 25928.45 25933.7 25939.27 25945.04 25950.95 25956.93 25962.92 25968.89 25974.81 25923.52 25929.24 25934.86 25940.37 26072.21 26099.29 26104.75 26138.85 26225.4 26193.83 26198.66 26100.83 26105.51 26110.04 26114.44 26118.69 26122.8 26126.78 26130.61 26134.31 26137.87 26120.51
26515.51 26705.42 27239.11 26711.75 26511.01 26400.19 26326.02 26271.49 28499.89 28466.33 28438.43 24613.63 28394.23 28376.22 28360.19 28345.76 28332.65 28320.65 28309.62 28299.49 28290.22 28283.54 28276.02 28269.56 28264.28 25982.53 25979.47 25977.81 28257.25 28259.22 25981.14 25933.25 25937.51 25917.57 25923.03 25928.91 25935.08 25941.43 25947.86 25954.31 25960.72 25967.07 25973.33 26028.67 26034.8 25934.01 25939.72 25945.29 25972.36 26021.79 26108.77 26241.64 26246.91 26215.17 26101.4 26106.14 26110.73 26115.18 26119.49 26123.65 26127.68 26131.56 26135.31 26118.18 26121.89
26506.37 26645.21 26774.36 26646.53 26500.31 26401.31 26330.91 26277.71 28508.11 28474.36 28446.02 24619.51 24595.26 28381.66 28364.73 28349.32 28335.16 28322.04 28309.82 28298.42 28287.84 28278.11 28271.08 28263.33 28256.88 28251.94 28248.69 28247.25 28247.66 28249.87 28253.71 28258.95 28185.7 25910.67 25916.95 25923.62 25930.53 25937.54 25944.58 25951.58 25958.47 25965.24 25971.86 26027.8 26034.2 26040.44 26046.51 26026.4 25946.06 26021.89 26109.29 26114.65 26119.86 26124.91 26058.92 26106.9 26111.55 26116.06 26120.42 26124.64 26128.72 26111.71 26115.75 26119.65 26123.42
26457.65 26525.05 26559.21 26521.86 26449.18 26379.76 26322.07 26274.93 0 28477.86 28450.16 28425.98 24598.02 28385.3 28367.75 28351.58 28336.5 28322.34 28308.94 28296.25 28284.26 28273.04 28262.72 28253.54 28247.45 28241.32 28237.21 28235.32 28235.74 28238.37 28242.97 28249.23 25972.78 25927.94 25910.2 25917.85 25925.64 25933.46 25941.19 25948.79 25956.21 25963.44 26020.08 26027 26033.7 26040.19 26020.41 26026.35 26053.87 26059.55 26109.94 26115.41 26120.72 26125.86 26059.81 25978.84 25983.44 25987.9 25992.21 26125.76 26108.99 26113.22 26117.31 26121.26 26125.08
26404.88 26438.71 26451.52 26433.89 26394.63 26348.79 26304.88 26265.62 26231.2 26201.04 28451.27 28427.83 28406.66 28387.31 28369.41 28352.64 28336.79 28321.64 28307.09 28293.05 28279.53 28266.61 28254.47 28243.43 28233.88 28228.01 28222.8 28220.38 28220.91 28224.24 28230.01 28237.72 25962.73 26067.34 25902.79 25911.64 25920.5 25929.22 25937.75 25946.02 25954.01 25961.72 26019.05 26026.32 26007.39 26013.97 26020.31 26026.43 26054.16 26059.98 26219.46 26225.19 26230.75 26126.95 26132.02 26065.69 25984.16 25988.67 25971.94 25976.42 25980.76 25984.97 25989.05 26123.01 26126.89
26360.01 26378.34 26383.64 26372.74 26348.57 26317.4 26284.46 26252.65 26223.12 26196.14 26171.54 28427.69 24597.73 28387.93 28369.88 28352.7 28336.17 28320.12 28304.4 24455.97 28273.73 28258.86 28244.53 28231.14 28219.25 28209.61 28202.97 28201.62 28202.42 28206.88 28214.41 28224.19 25951.36 26058.28 26043.69 26054.26 25915.2 25924.97 25934.36 25943.35 25951.95 25960.16 25992.44 25999.88 26006.99 26013.82 26020.37 26026.67 26054.61 26143.32 26149.05 26226.63 26232.28 26237.75 26243.05 26176.81 26071.7 25968.52 25973.2 25977.73 25982.12 25986.38 25990.5 25994.5 25998.38
26323.8 26334.21 26336.09 26328.12 26311.5 26289.13 26263.99 26238.26 26213.2 26189.36 0 28426.04 28406.26 28387.46 24552.05 28351.97 28334.87 24490 28301.1 24448.4 24427.18 28249.94 28232.94 28216.52 28201.46 28188.85 28180.01 28176.05 28179.12 28185.45 28195.67 28208.45 25938.67 26048.43 26061.19 28389.47 26059.84 26071.02 25931.14 25940.88 25924.61 25983.44 25991.62 25999.4 26006.8 26013.86 26020.61 26027.08 26055.23 26144.36 26150.19 26228.21 26233.96 26239.51 26244.88 26250.08 26183.56 25969.87 25974.59 25979.17 25983.61 25987.92 25992.09 25996.14 26000.07
26294.68 26300.63 26300.67 26294.18 26281.71 26264.73 26244.97 26223.9 26202.57 26181.59 28442.94 28423.38 28404.5 28386.2 24549.38 24528.23 24506.99 28315.46 24463.32 28279.01 24416.77 28240.18 28219.91 28199.55 28180.03 28162.98 28150.62 28145.14 28147.58 28157.12 28173.28 28190.45 25924.83 26038.06 26053.25 28384.17 26055.29 26067.67 26054.05 25913.34 25922.93 25982.51 25991.09 25999.18 26006.85 26014.14 26021.08 26027.7 26056.04 26145.57 26151.51 26157.22 26235.79 26241.42 26246.86 26252.12 26185.52 25913.24 25976.13 25980.75 25985.24 25989.6 25993.82 25997.91 26001.89
26271.04 26274.26 26273.21 26267.54 26257.53 26243.98 26227.93 26210.35 26192.02 26173.49 28438.36 565.9984 28402.19 28384.46 24546.42 24525.12 28331.27 28312.92 24457.48 24432.75 24406.43 28230.13 28206 28180.56 28154.71 28130.63 28112.17 28103.97 28108.46 28123.7 28145.16 28170.45 28193.78 26027.68 26045.63 28379.38 26051.26 26039.81 26052.01 26063.26 26073.7 25981.97 25990.9 25999.29 26007.2 26014.68 26021.78 26028.54 26057.06 26146.98 26153 26158.79 26237.8 26243.49 26248.98 26254.3 26187.63 25914.57 25919.19 25982.48 25987.01 25991.41 25995.68 25999.82 26003.84
26251.63 26253.09 26251.32 26246.14 26237.68 26226.4 26212.95 26197.96 26182 26165.51 565.9984 24604.91 28399.67 0 28365.27 28347.66 28329.54 28310.66 28290.73 28269.38 28246.18 28220.64 28192.24 28160.59 28125.93 28090.39 28060.24 28046.23 28055.34 28081.88 28114.96 28147.72 28179.34 26018.09 28380.99 28375.13 28367.03 28383.47 26050.63 26062.51 26073.43 25981.89 25991.12 25999.76 26007.87 26015.52 26022.76 26029.64 26142.25 26148.61 26154.69 26160.54 26166.16 26245.73 26251.27 26256.63 26114.87 25916.04 25920.7 25925.21 25988.92 25993.36 25997.67 26001.86 26005.92
26235.52 26235.78 26233.53 26228.65 26221.22 26211.51 26199.92 26186.87 26172.78 26157.98 26142.69 24600.36 28397.2 28380.73 28363.86 28346.43 28328.25 28309.04 28288.44 28266 28241.1 24354.25 24313.55 28141.93 28096.07 28042.32 27987.34 27957.64 27979.76 28031.23 28083.41 28128.06 28165.19 28324.4 28350.4 28372.89 28366.11 28383.54 26050.1 26062.47 26073.78 25982.34 25991.81 26000.64 26008.9 26016.68 26024.03 26031 26144.04 26150.45 26156.59 26162.48 26168.14 26248.14 26253.72 26259.13 26116.65 25917.66 25922.36 25926.91 25931.32 25995.46 25999.8 26004.03 26008.13
26222.04 26221.45 26218.87 26214.19 26207.47 26198.87 26188.65 26177.09 26164.48 26151.06 26137.02 26122.47 28395 28379.2 28362.81 28345.7 28327.64 28308.35 28287.43 28264.34 28238.32 28208.27 28172.54 19510 19510 27994.14 27885.87 27792.75 27870.39 27979.18 28057.3 28113.95 28157.26 28320.74 28348.85 28372.72 28366.84 26036.45 26050.56 26063.26 26074.81 26085.42 25993.01 26001.96 26010.33 26018.19 26025.6 26032.63 26146.07 26152.52 26158.7 26164.62 26170.31 26175.79 26256.34 26113.63 26118.58 25991.67 25924.16 25928.74 25933.19 25937.5 25941.69 26006.33 26010.48
26210.67 26209.47 26206.65 26202.13 26195.92 26188.14 26178.96 26168.56 26157.14 26144.88 26131.91 26118.34 26104.2 24556.81 28362.31 28345.64 28327.91 28308.83 28287.98 28264.81 28238.51 19510 19510 19510 19510 0 27810.6 27139.85 27782.34 27954.88 28048.11 28110.27 0 28321.7 28350.63 28375.03 28396.1 28387.84 28404.22 26064.94 26076.6 26087.28 25994.76 26003.75 26012.16 26020.05 26027.5 26034.55 26148.36 26154.83 26161.02 26166.96 26172.66 26178.16 26259.13 26115.69 26120.66 25993.72 25926.12 25930.72 25935.2 25939.54 25943.76 25947.86 26012.95
26201.04 26199.4 26196.4 26192 26186.19 26179.04 26170.66 26161.19 26150.74 26139.46 26127.45 26114.76 26101.44 28377.62 28362.45 28346.37 28329.18 0 0 0 19510 19510 19510 19510 19510 19510 27891.71 27801.05 27876.77 27984.54 24159.34 0 28162.84 24470.13 24504.31 28379.98 28400.78 28392.31 28408.56 28423.27 28436.71 26089.78 26099.61 26006.03 26014.41 26022.29 28341.13 26121.92 26150.91 26157.38 26163.56 26169.5 26175.21 26180.7 26186.01 26117.9 26122.89 25995.91 25928.22 25932.85 25937.34 25941.72 25945.97 25950.1 25954.13
26192.86 26190.89 26187.78 26183.48 26177.98 26171.34 26163.61 26154.89 26145.27 26134.84 26123.67 26111.8 26099.27 26086.04 28363.31 28347.95 28331.49 28313.7 28294.27 28272.74 28248.56 28220.91 19510 19510 19510 0 19510 0 0 0 28094.02 0 24297.96 24482.24 24513.93 28387.46 28407.4 28398.31 28414.14 26071.09 26082.46 26092.93 26053.97 26008.77 28327.3 28336.54 28345.32 26124.72 26153.72 26160.16 26166.32 26172.24 26177.93 26183.42 26188.72 26120.27 26125.26 25998.25 25883.82 25935.11 25939.63 25944.03 25948.3 25952.47 25956.53
26185.9 26183.69 26180.5 26176.29 26171.07 26164.84 26157.65 26149.57 26140.65 26130.97 26120.57 26109.48 26097.72 26085.27 26072.07 26058.06 24501.43 24480.49 28299.81 28279.83 28257.71 28232.99 19510 19510 19510 19510 19510 19510 28070.68 28097.6 0 28164.34 24289.65 28352.78 28376.24 28397.08 28415.73 28432.57 28420.84 26075.47 26086.49 26047.8 26057.33 26066.25 28332.04 28341.17 26035.14 26127.8 26156.79 26163.17 26169.29 26175.17 26180.84 26186.31 26070.45 26001.83 25887.16 25892.33 25886.01 25890.85 25942.04 25946.46 25950.77 25954.96 25959.05
26179.98 26177.6 26174.37 26170.26 26165.26 26159.39 26152.67 26145.14 26136.85 26127.84 26118.14 26107.79 26096.78 26085.11 26072.74 26059.61 26045.64 28323.44 28306.65 28288.47 28268.71 28247.2 19510 19510 19510 28150.1 28132.08 28124.35 28129.34 28145.12 0 28191.34 24313.67 24518.1 28389.68 28408.36 28425.46 28441.15 28428.53 28441.77 26091.17 26051.93 26061.17 28411.3 28421.1 28346.17 28478.28 26131.16 26160.11 26166.41 26172.47 26056.48 26062.3 26067.93 26073.38 25884.09 25889.4 25894.58 25899.63 25904.55 25944.59 25949.03 25953.36 25957.58 25961.7
26155.66 26172.45 26169.2 26165.2 26160.41 26154.86 26148.55 26141.51 26133.78 26125.38 26116.35 26106.7 26096.43 26085.55 26074.02 26061.81 26048.88 26035.14 26020.54 28298.16 28280.81 28262.43 28243.2 19510 28204.77 28188.27 28176.44 28171.5 28174.51 28184.64 19510 19510 28211.63 28386.81 28404.27 28420.75 28436.2 28450.63 28437.01 28449.5 28385.31 26056.56 26065.46 28417.03 28426.58 28435.72 28483.88 26012.04 26041.13 26047.54 26053.73 26059.7 26065.46 26071.05 25955.68 25886.48 25891.79 25896.97 25902.02 25906.95 25911.77 25951.72 25956.07 25960.32 25964.47
26151.49 26148.75 26164.88 26160.98 26156.4 26151.13 26145.2 26138.61 26131.39 26123.56 26115.15 26106.17 26096.62 26086.52 26075.84 26064.57 26052.7 26040.19 26027.02 26013.21 25998.8 25983.92 25968.85 28246.63 28232.35 28220.41 28212.17 25916.86 28210.81 28217.82 19510 19510 28231.91 28404.52 28419.37 28433.79 28447.61 28460.77 28446.11 28381.51 28392.69 28403.32 28413.46 28423.13 28432.41 28441.31 28300.23 26015.79 26044.79 26051.11 26057.2 26063.09 25947.35 25953.05 25958.6 25889.02 25894.32 25899.48 25904.54 25909.47 25914.3 25965.9 25958.9 25963.18 25967.36
26148 26145.21 26141.85 26157.5 26153.11 26148.12 26142.53 26136.35 26129.61 26122.32 26114.49 26106.15 26097.3 26087.96 26078.12 26067.79 26056.96 26045.65 26033.88 26021.69 26009.2 25996.58 25984.11 25972.22 28256.74 25952.73 25946.61 25943.76 28240.94 28246.09 28254.29 19510 0 19510 19510 19510 19510 565.9984 28406.18 28389.95 28400.47 28410.55 28420.24 28429.55 28438.52 28447.17 26013.25 26019.76 26048.67 26054.86 26060.85 25944.69 25950.5 25956.15 25961.66 25891.7 25896.97 25902.13 25907.18 25912.12 25916.96 25921.7 25973.22 25977.58 25970.35
26145.1 26142.3 26138.99 26135.15 26150.46 26145.72 26140.46 26134.67 26128.37 26121.58 26114.32 26106.59 26098.42 26089.81 26080.78 26071.35 26061.54 26051.37 26040.9 26030.2 26019.4 26008.69 25998.32 25988.66 25980.15 25973.29 25968.57 25966.35 0 28270.55 0 19510 0 19510 0 0 0 565.9984 565.9984 28398.68 28408.54 28418.08 28427.31 28436.24 28444.88 26189.05 26017.6 26023.93 26052.73 26058.78 25942.18 25948.07 25953.81 25959.4 25964.86 25894.5 25899.75 25904.9 25909.94 25914.88 25919.72 25924.48 25976.21 25980.59 25984.89
26142.73 26139.93 26136.68 26132.97 26128.79 26143.88 26138.92 26133.5 26127.62 26121.31 26114.57 26107.43 26099.89 26092 26083.75 26075.18 26066.32 26057.22 26047.94 26038.57 26029.24 26020.13 26011.46 26003.53 25996.66 25991.2 25987.47 25985.7 28288.8 19510 19510 28278.23 28286.04 19510 0 0 0 565.9984 565.9984 28292.53 28301.96 565.9984 565.9984 28443.13 28451.45 28585.34 26022.14 26028.28 26056.95 25939.85 25945.79 25951.59 25957.25 25962.78 25968.18 25897.42 25902.65 25907.78 25912.81 25917.75 25922.6 25927.37 25932.05 25983.7 25988.03
26140.82 26138.04 26134.87 26131.29 26127.29 26111.36 26106.59 26101.41 26127.29 26121.43 26115.2 26108.61 26101.69 26094.46 26086.94 26079.18 26071.21 26063.09 26054.88 26046.69 26038.63 26030.86 26023.57 26017 26011.38 26006.96 26003.97 26002.56 28308.38 28311.1 28315.44 28295.05 28267.35 28275.2 28283.65 0 0 28310.77 28319.96 28329.08 0 0 565.9984 565.9984 28344.23 28478.47 28325.48 25909.01 25937.75 25943.72 25949.55 25955.24 25960.82 25966.28 25971.62 25900.46 25905.66 25910.77 25915.79 25920.72 25925.58 25930.35 25935.06 25939.69 25991.27
