packages/terralib/data/biomassa-manaus.asc
ncols         106
nrows         94
xllcorner     -58.531951830285
yllcorner     -2.5886536076619
cellsize      0.009
NODATA_value  -9999
[rows 29 to 57 of 94, columns 0 to 64 of 106]
26205.4 26136.58 26133.49 26130.04 26126.22 26110.48 26105.99 26101.13 26095.93 26090.38 26084.52 26110.08 26103.73 26097.13 26090.31 26083.29 26076.14 26068.91 26061.66 26054.5 26047.52 26040.88 26034.72 26029.23 26024.6 26020.99 26018.57 26017.45 26017.66 26019.19 28331.95 28276.26 28282.35 28289.23 0 0 0 19510 0 28338.21 0 565.9984 28335.32 28343.32 28351.19 28485.58 28153.8 28161.25 25941.89 25947.71 25953.42 25959.01 25964.5 25969.88 25975.17 25903.6 25908.77 25913.85 25918.86 25923.79 25928.65 25933.43 25938.15 25942.81 25994.59
26204.84 26202.07 26132.5 26129.18 26125.54 26109.97 26105.75 26101.21 26096.36 26091.21 26085.79 26080.11 26074.2 26068.07 26061.78 26087.46 26081.06 26074.63 26068.23 26061.97 26055.93 26050.23 26045 26040.39 26036.54 26033.58 26031.62 26030.73 26030.96 26032.28 28312.88 28290.96 28296.34 28302.46 0 0 0 28331.51 0 19510 28327.56 28335.31 28343.02 28350.67 28485.44 28313.54 28321.1 28167.37 25946.13 25951.81 25957.39 25962.88 25968.28 25973.59 25978.82 25906.84 25911.97 25917.04 25922.03 25926.95 25931.81 25936.61 25941.34 25946.02 25950.64
26204.59 26201.88 26198.91 26195.67 26125.19 26109.79 26105.82 26101.58 26097.06 26092.3 26087.3 26082.08 26076.67 26071.09 26065.39 26059.59 26053.75 26047.92 26074.57 26069.08 26063.85 26058.95 26054.5 26050.62 26047.4 26044.96 26043.37 26042.7 26020.59 26022.04 28300.51 28304.58 28309.43 28314.95 28321.02 0 28334.4 28341.53 0 28356.25 28363.75 28343.39 28350.73 28358.05 28312.88 28320.28 26021.1 25922.08 25950.45 25955.99 25961.46 25966.84 25972.15 25977.39 25982.55 25910.16 25915.26 25920.3 25925.28 25930.2 25935.06 25939.86 25944.61 25949.31 25953.96
26204.61 26201.97 26199.1 26195.99 26192.64 26177.36 26106.17 26102.21 26098.01 26093.6 26088.99 26084.21 26079.26 26074.2 26069.03 26063.82 26058.59 26053.41 26048.32 26043.41 26038.75 26034.42 26063.3 26060.01 26057.33 26055.32 26054.04 26031.25 26031.82 26033.19 28313.54 28317.28 28321.71 28326.75 28332.31 28338.31 28344.65 28351.27 0 28365.08 28372.17 28351.42 28358.42 28263.38 28319.89 28327.05 28334.17 28341.25 25954.85 25960.25 25965.6 25970.88 25976.1 25981.26 25986.37 25913.56 25918.63 25923.65 25928.61 25933.52 25938.38 25943.2 25947.96 25952.68 25957.36
26204.86 26202.3 26199.54 26196.56 26181.57 26178.25 26174.73 26103.06 26099.16 26095.09 26090.85 26086.46 26081.95 26077.35 26072.68 26067.99 26063.32 26058.71 26054.22 26049.91 26045.85 26042.11 26038.76 26035.86 26033.5 26042.29 26041.55 26041.49 26042.13 26043.44 28325.66 28329.15 28333.26 28337.92 28343.07 28348.63 28354.54 28360.74 19510 0 28278.45 28257.44 28264.22 28271.05 28277.9 28284.75 28291.6 28347.67 25959.29 25964.56 25969.79 25974.98 25980.12 25985.21 25989.3 25994.4 25999.45 26004.46 26009.41 26014.33 26019.2 26024.04 25951.38 25956.13 25960.83
26205.33 26202.85 26200.19 26197.35 26182.47 26179.35 26176.04 26172.57 26168.94 26096.72 26092.82 26088.81 26084.7 26080.52 26076.31 26072.1 26067.92 26063.83 26059.87 26056.09 26052.55 26049.32 26046.44 26043.98 26019.55 26018.37 26017.75 26017.72 26018.29 26052.92 28336.99 28340.29 28344.14 28348.51 28353.32 28358.54 28364.08 28267.93 19510 19510 28286.92 28293.54 28272.1 0 28285.29 28291.94 28298.6 28305.26 28173.76 25934.77 25974.04 25979.13 25984.19 25988.25 25993.34 25998.39 26003.4 26008.37 26013.31 26018.21 26023.08 26027.92 26032.72 26037.49 26042.23
26205.98 26203.59 26201.04 26198.33 26183.56 26180.61 26177.52 26174.28 26170.91 26114.93 26111.37 26091.23 26087.49 26083.7 26079.91 26076.13 26072.4 26068.77 26065.27 26061.96 26058.88 26056.08 26030.95 26029.15 26027.77 26026.87 26026.46 26026.56 26027.2 26028.36 26075.41 28380.12 28354.44 28358.57 28261.17 28266.17 28271.51 28277.12 28282.97 19510 28295.24 28301.59 0 28286.24 28292.64 0 28305.58 28312.09 28342.26 28186.89 28193.36 25949.35 25953.32 25992.39 25997.42 26002.42 26007.39 26012.34 26017.26 26022.15 26027.01 26031.85 26036.67 26041.46 26046.23
26206.8 26204.49 26202.04 26199.46 26184.8 26182.03 26179.13 26176.12 26172.99 26116.89 26113.62 26110.28 26106.89 26086.87 26083.45 26080.06 26076.74 26073.52 26070.44 26067.54 26064.86 26039.84 26038.02 26036.54 26035.46 26034.79 26034.56 26034.8 26035.5 26082.29 26083.98 26086.13 26088.71 26054.55 28349.89 28355.02 28360.47 28366.22 28372.21 19510 0 0 28369.86 28376.44 28383.11 28389.84 28396.62 28318.91 28348.99 28193.45 28199.83 25953.84 25957.83 25962.77 25967.71 25972.63 26011.44 26016.36 26021.26 26026.14 26031 26035.84 26040.67 26045.48 26050.27
26207.76 26205.53 26203.19 26200.74 26186.18 26183.57 26180.86 26178.05 26175.16 26118.92 26115.92 26112.88 26109.8 26106.72 26103.66 26100.64 26080.94 26078.09 26075.38 26050.01 26047.97 26046.19 26044.68 26043.5 26042.66 26042.21 26042.14 26042.5 26089.13 26090.37 26092.03 26094.1 26096.56 26062.37 28359.59 28364.51 28369.74 28375.25 28381.02 28386.99 19510 0 0 28384.15 28390.63 28397.2 28403.82 28410.51 28440.95 28285.72 28292.46 28211.64 25962.36 25967.24 25972.12 25977 25981.87 25986.72 25991.58 26030.17 26035.03 26039.88 26044.72 26049.55 26054.37
26208.84 26206.7 26204.46 26202.13 26187.66 26185.21 26182.68 26180.07 26123.71 26121.01 26118.27 26115.49 26112.7 26109.92 26107.16 26104.47 26101.86 26099.35 26057.33 26055.41 26053.69 26052.2 26050.98 26050.05 26049.44 26049.17 26049.26 26095.83 26096.7 26097.96 26099.61 26101.63 26066.92 26069.8 26073.01 28373.64 28378.69 28384.01 28389.57 0 0 19510 19510 28391.76 28398.08 28404.49 28410.98 28417.53 28447.89 28454.7 28299.17 28218.14 28224.52 25971.73 25976.56 25981.4 25986.23 25991.07 25995.9 26000.74 26005.57 26043.96 26048.81 26053.66 26058.51
26210.02 26207.97 26205.83 26203.62 26189.24 26186.94 26184.58 26182.15 26125.62 26123.14 26120.63 26118.1 26115.57 26113.06 26110.6 26108.19 26082.88 26080.96 26079.19 26077.57 26059.13 26057.92 26056.94 26056.24 26055.83 26055.74 26055.96 26102.9 26103.84 26105.13 26106.77 26108.75 26074.09 26076.88 26079.97 26083.33 28387.34 0 0 28403.5 19510 0 19510 28274.84 28405.42 28411.7 28418.06 28385.31 28454.79 28461.5 28305.87 28224.64 28230.97 25976.23 25981.02 25985.82 25990.62 25995.44 26000.26 26005.08 26009.92 26014.76 26019.6 26024.45 26062.69
26111.91 26109.81 26107.64 26105.39 26090.96 26188.74 26186.53 26184.28 26127.56 26125.29 26122.99 26120.7 26118.41 26116.16 26113.95 26088.88 26087.12 26085.47 26083.96 26082.61 26081.44 26080.48 26062.6 26062.11 26061.88 26061.94 26108.9 26109.58 26110.58 26111.91 26113.55 26115.51 26080.91 26083.63 26086.63 26089.88 26093.38 28400.72 19510 19510 28265.65 28271.09 28276.68 28282.41 19510 28418.82 28385.77 28392.15 28398.6 28468.27 28387.33 28231.13 28237.41 28243.73 25985.48 25990.25 25995.03 25999.83 26004.63 26009.46 26014.29 26019.14 26024 26028.87 26033.76
26121.34 26119.31 26109.28 26107.15 26092.8 26090.65 26088.45 26031.38 26029.17 26026.94 26024.71 26022.47 26121.21 26119.19 26094.34 26092.74 26091.22 26089.82 26088.55 26087.43 26086.49 26085.75 26085.22 26084.92 26084.88 26114.65 26115.13 26115.9 26116.97 26118.33 26119.99 26085.01 26087.41 26090.08 26093 26096.17 25953.69 25956.94 25960.38 0 19510 0 19510 0 0 28301.45 28392.62 28398.91 28405.29 28474.98 28393.86 28237.61 28243.84 28250.13 25989.96 25994.69 25999.45 26004.23 26009.03 26013.85 26018.68 26023.54 26028.42 26033.32 26038.24
26122.92 26120.98 26118.99 26116.96 26094.69 26092.67 26090.61 26033.33 26031.29 26029.25 26027.2 26025.17 26000.07 25998.4 25996.79 25995.25 25993.8 25992.47 25991.26 26092.06 26091.33 26090.78 26090.43 26090.3 26090.41 26137.82 26138.43 26121.9 26123.03 26124.44 26126.11 26091.24 26093.61 25951.57 25954.11 25956.87 25959.84 25963.01 25966.36 25969.88 0 0 0 19510 0 28308.6 28314.46 28405.61 28411.91 28481.63 28400.35 28244.05 25985.1 25989.75 25994.43 25999.14 26003.88 26008.64 26013.43 26018.25 26023.09 26027.96 26032.86 26037.78 26042.73
26124.57 26122.7 26120.81 26118.88 26104.66 26102.76 26092.8 26035.31 26033.43 26031.55 26029.68 26004.79 26003.28 26001.81 26000.4 25999.06 25997.83 25996.69 25995.69 25994.82 25994.12 25993.59 25993.24 25993.1 26040.45 26143.42 26144.13 26145.09 26146.29 26130.24 25988.42 25953.35 25955.39 25957.67 25960.16 25962.87 25965.78 25968.88 25972.16 25975.59 25979.18 19510 19510 28304.42 28309.97 28315.65 28321.44 28327.33 28357.21 28275.82 28281.87 28413.09 25989.63 25994.24 25998.89 26003.58 26008.3 26013.05 26017.84 26022.66 26027.51 26032.39 26037.3 25972.24 25977.13
26126.25 26124.47 26122.66 26120.82 26106.68 26104.89 26103.09 26101.29 26035.56 26010.57 26009.16 26007.78 26006.44 26005.15 26003.92 26002.78 26001.73 26000.79 25999.96 25999.28 25998.75 25998.38 25998.19 26045.69 26045.88 26046.29 26046.92 26047.79 26048.88 26010.35 26011.79 25976.86 25961.27 25963.53 25966 25968.67 25971.53 25974.57 25977.79 25981.16 25984.68 28300.94 0 28311.51 28317 0 28328.34 28334.17 28364.01 28282.47 28288.49 28294.59 28137.97 25998.72 26003.35 26008.02 26012.73 26017.47 26022.25 25957.76 25962.52 25967.32 25972.16 25977.04 25981.96
26127.98 26126.27 26124.54 26122.8 26108.71 26107.04 26105.36 26103.69 26078.82 26013.2 26011.94 26010.72 26009.54 26008.42 26007.37 26006.4 26005.52 26004.74 26004.09 26003.57 26003.2 26002.98 26002.94 26050.76 26051.08 26051.59 26052.32 26053.26 26054.42 26055.79 25980.73 25982.58 25984.64 25986.91 25971.62 25974.27 25977.09 25980.09 25983.26 25986.57 25990.04 28308.04 28313.19 0 28323.92 28329.48 28335.15 28340.94 28370.74 28289.07 28295.06 28301.13 25877.07 25881.46 25885.89 25943.82 25948.43 25953.07 25957.76 25962.49 25967.27 25972.08 25976.95 25981.85 25986.81
26129.73 26057.77 26056.16 26054.56 26052.95 26051.34 26026.3 26025.02 26081.7 26080.49 26079.32 26013.62 26012.59 26011.63 26010.73 26009.92 26009.2 26008.58 26008.08 26007.72 26007.49 26007.41 26055.39 26055.63 26056.06 26056.67 26057.49 26058.5 26059.72 26061.15 26026.23 25988.09 25990.16 25992.43 25994.88 25997.52 25982.48 25985.45 25988.57 25991.85 25995.27 25998.81 28320.1 19510 0 28336.25 0 28347.62 19510 19510 28301.57 28307.63 28313.77 28157.07 25890.56 25948.55 25953.15 25957.8 25962.49 25967.23 25972.01 25976.84 25981.73 25986.66 25991.65
26061.37 26059.85 26058.32 26056.8 26055.28 26030.4 26029.2 26028.03 26026.88 26025.76 26024.69 26023.66 26015.58 26014.76 26014.01 26013.34 26012.77 26012.3 26011.94 26011.71 26011.62 26059.77 26059.96 26060.31 26060.84 26061.55 26062.45 26063.54 26064.82 26066.29 26031.52 26033.55 25995.48 25997.76 26000.21 26002.84 26005.63 26008.59 25993.74 25996.99 26000.37 26003.88 28326.88 19510 0 28342.92 0 19510 19510 19510 28308.04 28314.08 28320.21 28163.55 28169.65 25953.28 25957.87 25962.51 25967.21 25971.95 25976.75 25981.6 25986.5 25991.46 25996.48
26291.8 26061.95 26060.49 26035.43 26034.3 26033.19 26032.09 26031.02 26029.98 26028.98 26028.02 26027.12 26026.28 26025.5 25959.61 25959.05 26016.23 26015.9 26015.67 26015.58 26063.9 26064.05 26064.35 26064.81 26065.43 26066.23 26067.21 26068.37 26069.71 26034.74 26036.61 26038.67 26040.91 26002.9 26005.36 26007.99 26010.77 26013.71 26016.81 26020.04 26023.4 26008.83 28333.54 28338.73 0 19510 0 19510 19510 19510 28314.45 28320.48 28326.6 28332.82 28176.1 25957.98 25962.57 25967.22 25971.92 25976.67 25981.48 25986.34 25991.27 25996.26 26001.31
26294.18 26293.05 26039.11 26038.05 26037 26035.97 26034.96 26033.99 26033.05 26032.16 26031.31 26030.52 26029.79 26029.14 26028.57 25962.56 25962.22 25961.98 25961.85 25961.85 26067.91 26068.17 26068.57 26069.13 26069.85 26070.74 26071.79 26073.02 26074.42 26039.61 26041.52 26043.61 26045.87 26048.31 26010.35 26012.98 26015.76 26018.7 26021.78 26025 26028.35 28352.72 28357.76 28345.25 19510 0 19510 19510 19510 19510 19510 28326.83 28332.95 28339.17 28182.53 28188.71 25967.27 25971.91 25976.62 25981.38 25986.2 25991.08 25996.03 26001.04 26006.12
26296.55 26295.48 26041.65 28316.45 26039.68 26038.73 26037.81 26036.93 26036.08 26035.29 26034.54 26033.86 26033.24 26032.7 26032.24 26031.87 26031.59 25965.62 25965.61 26014.36 26014.56 26014.89 26015.37 26016 26074.1 26075.07 26076.2 26077.49 26078.95 26044.3 26046.25 26048.38 26050.67 26053.13 26015.18 26017.82 26020.61 26023.55 26026.63 26029.84 28354.34 28359.23 28364.26 28369.42 28374.72 19510 0 19510 19510 19510 19510 28333.13 28339.25 28345.47 28188.92 28195.11 28256.76 25976.59 25981.3 25986.07 25990.9 25995.8 26000.76 26005.8 26010.91
28711.54 28321.43 28320.79 28320.2 28319.65 26041.47 26040.63 26039.83 26039.07 26038.37 26037.72 26037.14 26036.62 26036.18 26035.82 26035.56 26035.39 26035.32 26018.08 26018.25 26018.55 26018.98 26019.55 26020.27 26021.14 26022.16 26023.34 26024.68 26046.98 26048.82 26050.82 26052.98 26055.31 26057.79 26060.43 26022.52 26025.32 26028.27 26031.35 26034.56 28360.73 28365.62 0 28375.8 19510 0 0 19510 19510 19510 19510 28339.38 28345.51 28351.73 28358.05 28201.48 28263.21 28269.7 25985.97 25990.75 25995.59 26000.5 26005.49 26010.54 26015.68
28714.94 28324.99 28324.43 28323.91 28323.45 28323.05 28322.71 28322.44 28322.23 28322.11 26040.85 26040.35 26039.93 26039.59 26039.33 26039.16 26039.08 26039.12 26088.23 26088.45 26022.41 26022.93 26023.59 26024.39 26025.34 26026.43 26027.68 26029.08 26030.64 26053.18 26055.23 26057.43 26059.79 26062.3 26064.97 26067.78 26029.9 26032.86 28357.66 26039.17 26042.52 28371.89 0 28382.09 28387.38 0 19510 19510 0 28351.54 28339.54 28345.58 28351.71 28357.95 28364.27 28207.81 28269.63 25985.91 25990.63 25995.42 26000.27 26005.19 26010.19 26015.26 26020.42
28718.29 28328.51 28328.02 28327.58 28327.21 28326.89 28326.64 28326.46 28326.35 28326.33 28326.39 26043.51 26043.17 26042.91 26042.74 26042.66 26042.68 26091.95 26092.14 26092.45 26092.88 26026.75 26027.49 26028.37 26029.39 26030.55 26031.87 26033.33 26034.94 26036.71 26059.48 26061.73 26064.13 26066.67 26069.37 26072.21 26075.19 26037.34 26040.45 26043.68 26047.03 28378.05 28383.1 28388.28 28393.58 0 19510 0 19510 28357.74 28363.7 28369.75 28357.88 28364.12 28370.46 28376.89 28276.01 25990.55 25995.27 26000.07 26004.93 26009.86 25948.99 25954.22 25959.55
28332.46 28331.99 0 28331.21 28330.91 28330.67 28330.51 28330.42 28330.4 28330.47 28330.63 28330.88 28331.24 28331.7 26046.08 26046.08 26095.51 26095.67 26095.94 26096.33 26096.84 26097.48 26098.25 26032.21 26033.3 26034.53 26035.91 26037.43 26039.1 26040.92 26042.89 26065.88 26068.32 26070.9 26073.63 26076.5 26079.51 26082.65 26044.83 26048.08 26051.45 28384.11 28389.17 28394.37 28399.69 0 19510 0 28308.95 28363.9 28369.87 28375.93 28382.09 28388.35 28435.88 28442.43 28341.84 28348.46 28355.19 28362.03 26005.15 26010.34 26015.61 26020.96 26026.4
28335.83 28335.42 28335.07 28334.78 28334.55 28334.4 28334.31 28334.3 28334.38 0 28334.79 28335.13 28335.58 28336.14 28336.8 28337.59 28392.68 28393.67 28394.8 28396.07 28397.48 28399.06 26102.23 26103.21 26037.07 26038.37 26039.81 26041.39 26043.12 26044.99 26047.01 26049.18 26072.38 26075 26077.77 26080.67 26083.71 26086.89 26090.19 26052.38 26055.78 28390.06 28395.15 28400.37 28405.71 0 19510 19510 19510 28320.77 28375.99 28382.07 28388.25 28394.52 28442.22 28448.78 28292.69 28260.19 28267.13 28274.18 26010.27 26015.46 26020.73 26026.09 26031.54
28339.16 28338.81 0 28338.3 28338.14 28338.06 28338.05 28338.12 28338.28 28338.52 28338.86 28339.29 28339.83 28340.48 28341.24 28396.48 28397.43 28398.51 28399.73 28401.09 28402.59 28404.25 28406.06 28408.03 28410.16 28412.46 26043.57 26045.21 26047 26048.92 26050.99 26053.21 26055.56 26078.97 26081.78 26084.72 26087.8 26091.01 26094.34 26056.59 28390.92 28395.91 28401.04 19510 19510 0 0 0 19510 28326.85 28332.67 28388.17 28394.37 28400.65 28353.47 28360.23 28367.1 28267.08 28274.03 28281.08 26015.38 26020.56 26025.83 26031.19 26036.64
28318.94 28318.7 0 28318.42 28318.39 28318.43 28318.54 28318.75 28319.03 28319.41 28319.88 28320.45 28321.12 28321.9 28322.8 28401.02 28402.05 28403.22 28404.53 28405.97 28407.56 28409.3 28411.2 28413.24 28415.45 28417.82 28420.36 28357.07 26050.74 26052.72 26054.84 28369.72 26059.51 26062.06 26085.67 26088.65 26091.77 26095.02 26098.39 26101.89 26064.17 28401.67 19510 19510 19510 19510 19510 0 19510 28332.89 28338.74 28344.68 28305.37 28311.86 28360.12 28366.89 28373.76 28273.95 28280.89 28287.95 26020.46 26025.65 26030.91 26036.26 26041.71
